1 1 1
2 1 1
3 1 1
1 1 3
2 1 4
3 1 3
1 1 5
2 1 6
3 1 5
1 1 8
2 1 7
3 1 7
1 1 10
2 1 10
3 1 9
1 1 12
2 1 12
3 1 12
1 1 13
2 1 13
3 1 14
1 1 15
2 1 15
3 1 16
1 1 17
2 1 17
3 1 17
1 1 19
2 1 19
3 1 19
1 1 22
2 1 22
3 1 21
1 1 23
2 1 24
3 1 24
1 1 25
2 1 26
3 1 26
1 1 28
2 1 27
3 1 28
1 1 29
2 1 29
3 1 29
1 1 31
2 1 31
3 1 32
1 1 33
2 1 33
3 1 33
1 1 35
2 1 35
3 1 35
1 1 38
2 1 38
3 1 37
1 1 40
2 1 40
3 1 39
1 1 42
2 1 42
3 1 41
1 1 43
2 1 44
3 1 43
1 1 45
2 1 45
3 1 45
1 1 47
2 1 47
3 1 48
1 1 49
2 1 49
3 1 49
1 1 51
2 1 52
3 1 51
1 1 53
2 1 54
3 1 53
1 1 55
2 1 55
3 1 55
1 1 57
2 1 57
3 1 57
1 1 60
2 1 60
3 1 59
1 1 61
2 1 62
3 1 61
1 1 63
2 1 63
3 1 63
1 2 65
2 2 65
3 2 65
1 2 67
2 2 68
3 2 67
1 2 69
2 2 70
3 2 69
1 2 72
2 2 71
3 2 71
1 2 74
2 2 74
3 2 73
1 2 76
2 2 76
3 2 76
1 2 77
2 2 77
3 2 78
1 2 79
2 2 79
3 2 80
1 2 81
2 2 81
3 2 81
1 2 83
2 2 83
3 2 83
1 2 86
2 2 86
3 2 85
1 2 87
2 2 88
3 2 88
1 2 89
2 2 90
3 2 90
1 2 92
2 2 91
3 2 92
1 2 93
2 2 93
3 2 93
1 2 95
2 2 95
3 2 96
1 2 97
2 2 97
3 2 97
1 2 99
2 2 99
3 2 99
1 2 102
2 2 102
3 2 101
1 2 104
2 2 104
3 2 103
1 2 106
2 2 106
3 2 105
1 2 107
2 2 108
3 2 107
1 2 109
2 2 109
3 2 109
1 2 111
2 2 111
3 2 112
1 2 113
2 2 113
3 2 113
1 2 115
2 2 116
3 2 115
1 2 117
2 2 118
3 2 117
1 2 119
2 2 119
3 2 119
1 2 121
2 2 121
3 2 121
1 2 124
2 2 124
3 2 123
1 2 125
2 2 126
3 2 125
1 2 127
2 2 127
3 2 127
1 3 129
2 3 129
3 3 129
1 3 131
2 3 132
3 3 131
1 3 133
2 3 134
3 3 133
1 3 136
2 3 135
3 3 135
1 3 138
2 3 138
3 3 137
1 3 140
2 3 140
3 3 140
1 3 141
2 3 141
3 3 142
1 3 143
2 3 143
3 3 144
1 3 145
2 3 145
3 3 145
1 3 147
2 3 147
3 3 147
1 3 150
2 3 150
3 3 149
1 3 151
2 3 152
3 3 152
1 3 153
2 3 154
3 3 154
1 3 156
2 3 155
3 3 156
1 3 157
2 3 157
3 3 157
1 3 159
2 3 159
3 3 160
1 3 161
2 3 161
3 3 161
1 3 163
2 3 163
3 3 163
1 3 166
2 3 166
3 3 165
1 3 168
2 3 168
3 3 167
1 3 170
2 3 170
3 3 169
1 3 171
2 3 172
3 3 171
1 3 173
2 3 173
3 3 173
1 3 175
2 3 175
3 3 176
1 3 177
2 3 177
3 3 177
1 3 179
2 3 180
3 3 179
1 3 181
2 3 182
3 3 181
1 3 183
2 3 183
3 3 183
1 3 185
2 3 185
3 3 185
1 3 188
2 3 188
3 3 187
1 3 189
2 3 190
3 3 189
1 3 191
2 3 191
3 3 191
1 4 193
2 4 193
3 4 193
1 4 195
2 4 196
3 4 195
1 4 197
2 4 198
3 4 197
1 4 200
2 4 199
3 4 199
1 4 202
2 4 202
3 4 201
1 4 204
2 4 204
3 4 204
1 4 205
2 4 205
3 4 206
1 4 207
2 4 207
3 4 208
1 4 209
2 4 209
3 4 209
1 4 211
2 4 211
3 4 211
1 4 214
2 4 214
3 4 213
1 4 215
2 4 216
3 4 216
1 4 217
2 4 218
3 4 218
1 4 220
2 4 219
3 4 220
1 4 221
2 4 221
3 4 221
1 4 223
2 4 223
3 4 224
1 4 225
2 4 225
3 4 225
1 4 227
2 4 227
3 4 227
1 4 230
2 4 230
3 4 229
1 4 232
2 4 232
3 4 231
1 4 234
2 4 234
3 4 233
1 4 235
2 4 236
3 4 235
1 4 237
2 4 237
3 4 237
1 4 239
2 4 239
3 4 240
1 4 241
2 4 241
3 4 241
1 4 243
2 4 244
3 4 243
1 4 245
2 4 246
3 4 245
1 4 247
2 4 247
3 4 247
1 4 249
2 4 249
3 4 249
1 4 252
2 4 252
3 4 251
1 4 253
2 4 254
3 4 253
1 4 255
2 4 255
3 4 255
1 5 257
2 5 257
3 5 257
1 5 259
2 5 260
3 5 259
1 5 261
2 5 262
3 5 261
1 5 264
2 5 263
3 5 263
1 5 266
2 5 266
3 5 265
1 5 268
2 5 268
3 5 268
1 5 269
2 5 269
3 5 270
1 5 271
2 5 271
3 5 272
1 5 273
2 5 273
3 5 273
1 5 275
2 5 275
3 5 275
1 5 278
2 5 278
3 5 277
1 5 279
2 5 280
3 5 280
1 5 281
2 5 282
3 5 282
1 5 284
2 5 283
3 5 284
1 5 285
2 5 285
3 5 285
1 5 287
2 5 287
3 5 288
1 5 289
2 5 289
3 5 289
1 5 291
2 5 291
3 5 291
1 5 294
2 5 294
3 5 293
1 5 296
2 5 296
3 5 295
1 5 298
2 5 298
3 5 297
1 5 299
2 5 300
3 5 299
1 5 301
2 5 301
3 5 301
1 5 303
2 5 303
3 5 304
1 5 305
2 5 305
3 5 305
1 5 307
2 5 308
3 5 307
1 5 309
2 5 310
3 5 309
1 5 311
2 5 311
3 5 311
1 5 313
2 5 313
3 5 313
1 5 316
2 5 316
3 5 315
1 5 317
2 5 318
3 5 317
1 5 319
2 5 319
3 5 319
1 6 321
2 6 321
3 6 321
1 6 323
2 6 324
3 6 323
1 6 325
2 6 326
3 6 325
1 6 328
2 6 327
3 6 327
1 6 330
2 6 330
3 6 329
1 6 332
2 6 332
3 6 332
1 6 333
2 6 333
3 6 334
1 6 335
2 6 335
3 6 336
1 6 337
2 6 337
3 6 337
1 6 339
2 6 339
3 6 339
1 6 342
2 6 342
3 6 341
1 6 343
2 6 344
3 6 344
1 6 345
2 6 346
3 6 346
1 6 348
2 6 347
3 6 348
1 6 349
2 6 349
3 6 349
1 6 351
2 6 351
3 6 352
1 6 353
2 6 353
3 6 353
1 6 355
2 6 355
3 6 355
1 6 358
2 6 358
3 6 357
1 6 360
2 6 360
3 6 359
1 6 362
2 6 362
3 6 361
1 6 363
2 6 364
3 6 363
1 6 365
2 6 365
3 6 365
1 6 367
2 6 367
3 6 368
1 6 369
2 6 369
3 6 369
1 6 371
2 6 372
3 6 371
1 6 373
2 6 374
3 6 373
1 6 375
2 6 375
3 6 375
1 6 377
2 6 377
3 6 377
1 6 380
2 6 380
3 6 379
1 6 381
2 6 382
3 6 381
1 6 383
2 6 383
3 6 383
1 7 385
2 7 385
3 7 385
1 7 387
2 7 388
3 7 387
1 7 389
2 7 390
3 7 389
1 7 392
2 7 391
3 7 391
1 7 394
2 7 394
3 7 393
1 7 396
2 7 396
3 7 396
1 7 397
2 7 397
3 7 398
1 7 399
2 7 399
3 7 400
1 7 401
2 7 401
3 7 401
1 7 403
2 7 403
3 7 403
1 7 406
2 7 406
3 7 405
1 7 407
2 7 408
3 7 408
1 7 409
2 7 410
3 7 410
1 7 412
2 7 411
3 7 412
1 7 413
2 7 413
3 7 413
1 7 415
2 7 415
3 7 416
1 7 417
2 7 417
3 7 417
1 7 419
2 7 419
3 7 419
1 7 422
2 7 422
3 7 421
1 7 424
2 7 424
3 7 423
1 7 426
2 7 426
3 7 425
1 7 427
2 7 428
3 7 427
1 7 429
2 7 429
3 7 429
1 7 431
2 7 431
3 7 432
1 7 433
2 7 433
3 7 433
1 7 435
2 7 436
3 7 435
1 7 437
2 7 438
3 7 437
1 7 439
2 7 439
3 7 439
1 7 441
2 7 441
3 7 441
1 7 444
2 7 444
3 7 443
1 7 445
2 7 446
3 7 445
1 7 447
2 7 447
3 7 447
1 8 449
2 8 449
3 8 449
1 8 451
2 8 452
3 8 451
1 8 453
2 8 454
3 8 453
1 8 456
2 8 455
3 8 455
1 8 458
2 8 458
3 8 457
1 8 460
2 8 460
3 8 460
1 8 461
2 8 461
3 8 462
1 8 463
2 8 463
3 8 464
1 8 465
2 8 465
3 8 465
1 8 467
2 8 467
3 8 467
1 8 470
2 8 470
3 8 469
1 8 471
2 8 472
3 8 472
1 8 473
2 8 474
3 8 474
1 8 476
2 8 475
3 8 476
1 8 477
2 8 477
3 8 477
1 8 479
2 8 479
3 8 480
1 8 481
2 8 481
3 8 481
1 8 483
2 8 483
3 8 483
1 8 486
2 8 486
3 8 485
1 8 488
2 8 488
3 8 487
1 8 490
2 8 490
3 8 489
1 8 491
2 8 492
3 8 491
1 8 493
2 8 493
3 8 493
1 8 495
2 8 495
3 8 496
1 8 497
2 8 497
3 8 497
1 8 499
2 8 500
3 8 499
1 8 501
2 8 502
3 8 501
1 8 503
2 8 503
3 8 503
1 8 505
2 8 505
3 8 505
1 8 508
2 8 508
3 8 507
1 8 509
2 8 510
3 8 509
1 8 511
2 8 511
3 8 511
1 9 513
2 9 513
3 9 513
1 9 515
2 9 516
3 9 515
1 9 517
2 9 518
3 9 517
1 9 520
2 9 519
3 9 519
1 9 522
2 9 522
3 9 521
1 9 524
2 9 524
3 9 524
1 9 525
2 9 525
3 9 526
1 9 527
2 9 527
3 9 528
1 9 529
2 9 529
3 9 529
1 9 531
2 9 531
3 9 531
1 9 534
2 9 534
3 9 533
1 9 535
2 9 536
3 9 536
1 9 537
2 9 538
3 9 538
1 9 540
2 9 539
3 9 540
1 9 541
2 9 541
3 9 541
1 9 543
2 9 543
3 9 544
1 9 545
2 9 545
3 9 545
1 9 547
2 9 547
3 9 547
1 9 550
2 9 550
3 9 549
1 9 552
2 9 552
3 9 551
1 9 554
2 9 554
3 9 553
1 9 555
2 9 556
3 9 555
1 9 557
2 9 557
3 9 557
1 9 559
2 9 559
3 9 560
1 9 561
2 9 561
3 9 561
1 9 563
2 9 564
3 9 563
1 9 565
2 9 566
3 9 565
1 9 567
2 9 567
3 9 567
1 9 569
2 9 569
3 9 569
1 9 572
2 9 572
3 9 571
1 9 573
2 9 574
3 9 573
1 9 575
2 9 575
3 9 575
1 10 577
2 10 577
3 10 577
1 10 579
2 10 580
3 10 579
1 10 581
2 10 582
3 10 581
1 10 584
2 10 583
3 10 583
1 10 586
2 10 586
3 10 585
1 10 588
2 10 588
3 10 588
1 10 589
2 10 589
3 10 590
1 10 591
2 10 591
3 10 592
1 10 593
2 10 593
3 10 593
1 10 595
2 10 595
3 10 595
1 10 598
2 10 598
3 10 597
1 10 599
2 10 600
3 10 600
1 10 601
2 10 602
3 10 602
1 10 604
2 10 603
3 10 604
1 10 605
2 10 605
3 10 605
1 10 607
2 10 607
3 10 608
1 10 609
2 10 609
3 10 609
1 10 611
2 10 611
3 10 611
1 10 614
2 10 614
3 10 613
1 10 616
2 10 616
3 10 615
1 10 618
2 10 618
3 10 617
1 10 619
2 10 620
3 10 619
1 10 621
2 10 621
3 10 621
1 10 623
2 10 623
3 10 624
1 10 625
2 10 625
3 10 625
1 10 627
2 10 628
3 10 627
1 10 629
2 10 630
3 10 629
1 10 631
2 10 631
3 10 631
1 10 633
2 10 633
3 10 633
1 10 636
2 10 636
3 10 635
1 10 637
2 10 638
3 10 637
1 10 639
2 10 639
3 10 639
1 11 641
2 11 641
3 11 641
1 11 643
2 11 644
3 11 643
1 11 645
2 11 646
3 11 645
1 11 648
2 11 647
3 11 647
1 11 650
2 11 650
3 11 649
1 11 652
2 11 652
3 11 652
1 11 653
2 11 653
3 11 654
1 11 655
2 11 655
3 11 656
1 11 657
2 11 657
3 11 657
1 11 659
2 11 659
3 11 659
1 11 662
2 11 662
3 11 661
1 11 663
2 11 664
3 11 664
1 11 665
2 11 666
3 11 666
1 11 668
2 11 667
3 11 668
1 11 669
2 11 669
3 11 669
1 11 671
2 11 671
3 11 672
1 11 673
2 11 673
3 11 673
1 11 675
2 11 675
3 11 675
1 11 678
2 11 678
3 11 677
1 11 680
2 11 680
3 11 679
1 11 682
2 11 682
3 11 681
1 11 683
2 11 684
3 11 683
1 11 685
2 11 685
3 11 685
1 11 687
2 11 687
3 11 688
1 11 689
2 11 689
3 11 689
1 11 691
2 11 692
3 11 691
1 11 693
2 11 694
3 11 693
1 11 695
2 11 695
3 11 695
1 11 697
2 11 697
3 11 697
1 11 700
2 11 700
3 11 699
1 11 701
2 11 702
3 11 701
1 11 703
2 11 703
3 11 703
1 12 705
2 12 705
3 12 705
1 12 707
2 12 708
3 12 707
1 12 709
2 12 710
3 12 709
1 12 712
2 12 711
3 12 711
1 12 714
2 12 714
3 12 713
1 12 716
2 12 716
3 12 716
1 12 717
2 12 717
3 12 718
1 12 719
2 12 719
3 12 720
1 12 721
2 12 721
3 12 721
1 12 723
2 12 723
3 12 723
1 12 726
2 12 726
3 12 725
1 12 727
2 12 728
3 12 728
1 12 729
2 12 730
3 12 730
1 12 732
2 12 731
3 12 732
1 12 733
2 12 733
3 12 733
1 12 735
2 12 735
3 12 736
1 12 737
2 12 737
3 12 737
1 12 739
2 12 739
3 12 739
1 12 742
2 12 742
3 12 741
1 12 744
2 12 744
3 12 743
1 12 746
2 12 746
3 12 745
1 12 747
2 12 748
3 12 747
1 12 749
2 12 749
3 12 749
1 12 751
2 12 751
3 12 752
1 12 753
2 12 753
3 12 753
1 12 755
2 12 756
3 12 755
1 12 757
2 12 758
3 12 757
1 12 759
2 12 759
3 12 759
1 12 761
2 12 761
3 12 761
1 12 764
2 12 764
3 12 763
1 12 765
2 12 766
3 12 765
1 12 767
2 12 767
3 12 767
1 13 769
2 13 769
3 13 769
1 13 771
2 13 772
3 13 771
1 13 773
2 13 774
3 13 773
1 13 776
2 13 775
3 13 775
1 13 778
2 13 778
3 13 777
1 13 780
2 13 780
3 13 780
1 13 781
2 13 781
3 13 782
1 13 783
2 13 783
3 13 784
1 13 785
2 13 785
3 13 785
1 13 787
2 13 787
3 13 787
1 13 790
2 13 790
3 13 789
1 13 791
2 13 792
3 13 792
1 13 793
2 13 794
3 13 794
1 13 796
2 13 795
3 13 796
1 13 797
2 13 797
3 13 797
1 13 799
2 13 799
3 13 800
1 13 801
2 13 801
3 13 801
1 13 803
2 13 803
3 13 803
1 13 806
2 13 806
3 13 805
1 13 808
2 13 808
3 13 807
1 13 810
2 13 810
3 13 809
1 13 811
2 13 812
3 13 811
1 13 813
2 13 813
3 13 813
1 13 815
2 13 815
3 13 816
1 13 817
2 13 817
3 13 817
1 13 819
2 13 820
3 13 819
1 13 821
2 13 822
3 13 821
1 13 823
2 13 823
3 13 823
1 13 825
2 13 825
3 13 825
1 13 828
2 13 828
3 13 827
1 13 829
2 13 830
3 13 829
1 13 831
2 13 831
3 13 831
1 14 833
2 14 833
3 14 833
1 14 835
2 14 836
3 14 835
1 14 837
2 14 838
3 14 837
1 14 840
2 14 839
3 14 839
1 14 842
2 14 842
3 14 841
1 14 844
2 14 844
3 14 844
1 14 845
2 14 845
3 14 846
1 14 847
2 14 847
3 14 848
1 14 849
2 14 849
3 14 849
1 14 851
2 14 851
3 14 851
1 14 854
2 14 854
3 14 853
1 14 855
2 14 856
3 14 856
1 14 857
2 14 858
3 14 858
1 14 860
2 14 859
3 14 860
1 14 861
2 14 861
3 14 861
1 14 863
2 14 863
3 14 864
1 14 865
2 14 865
3 14 865
1 14 867
2 14 867
3 14 867
1 14 870
2 14 870
3 14 869
1 14 872
2 14 872
3 14 871
1 14 874
2 14 874
3 14 873
1 14 875
2 14 876
3 14 875
1 14 877
2 14 877
3 14 877
1 14 879
2 14 879
3 14 880
1 14 881
2 14 881
3 14 881
1 14 883
2 14 884
3 14 883
1 14 885
2 14 886
3 14 885
1 14 887
2 14 887
3 14 887
1 14 889
2 14 889
3 14 889
1 14 892
2 14 892
3 14 891
1 14 893
2 14 894
3 14 893
1 14 895
2 14 895
3 14 895
1 15 897
2 15 897
3 15 897
1 15 899
2 15 900
3 15 899
1 15 901
2 15 902
3 15 901
1 15 904
2 15 903
3 15 903
1 15 906
2 15 906
3 15 905
1 15 908
2 15 908
3 15 908
1 15 909
2 15 909
3 15 910
1 15 911
2 15 911
3 15 912
1 15 913
2 15 913
3 15 913
1 15 915
2 15 915
3 15 915
1 15 918
2 15 918
3 15 917
1 15 919
2 15 920
3 15 920
1 15 921
2 15 922
3 15 922
1 15 924
2 15 923
3 15 924
1 15 925
2 15 925
3 15 925
1 15 927
2 15 927
3 15 928
1 15 929
2 15 929
3 15 929
1 15 931
2 15 931
3 15 931
1 15 934
2 15 934
3 15 933
1 15 936
2 15 936
3 15 935
1 15 938
2 15 938
3 15 937
1 15 939
2 15 940
3 15 939
1 15 941
2 15 941
3 15 941
1 15 943
2 15 943
3 15 944
1 15 945
2 15 945
3 15 945
1 15 947
2 15 948
3 15 947
1 15 949
2 15 950
3 15 949
1 15 951
2 15 951
3 15 951
1 15 953
2 15 953
3 15 953
1 15 956
2 15 956
3 15 955
1 15 957
2 15 958
3 15 957
1 15 959
2 15 959
3 15 959
1 16 961
2 16 961
3 16 961
1 16 963
2 16 964
3 16 963
1 16 965
2 16 966
3 16 965
1 16 968
2 16 967
3 16 967
1 16 970
2 16 970
3 16 969
1 16 972
2 16 972
3 16 972
1 16 973
2 16 973
3 16 974
1 16 975
2 16 975
3 16 976
1 16 977
2 16 977
3 16 977
1 16 979
2 16 979
3 16 979
1 16 982
2 16 982
3 16 981
1 16 983
2 16 984
3 16 984
1 16 985
2 16 986
3 16 986
1 16 988
2 16 987
3 16 988
1 16 989
2 16 989
3 16 989
1 16 991
2 16 991
3 16 992
1 16 993
2 16 993
3 16 993
1 16 995
2 16 995
3 16 995
1 16 998
2 16 998
3 16 997
1 16 1000
2 16 1000
3 16 999
1 16 1002
2 16 1002
3 16 1001
1 16 1003
2 16 1004
3 16 1003
1 16 1005
2 16 1005
3 16 1005
1 16 1007
2 16 1007
3 16 1008
1 16 1009
2 16 1009
3 16 1009
1 16 1011
2 16 1012
3 16 1011
1 16 1013
2 16 1014
3 16 1013
1 16 1015
2 16 1015
3 16 1015
1 16 1017
2 16 1017
3 16 1017
1 16 1020
2 16 1020
3 16 1019
1 16 1021
2 16 1022
3 16 1021
1 16 1023
2 16 1023
3 16 1023
1 17 1025
2 17 1025
3 17 1025
1 17 1027
2 17 1028
3 17 1027
1 17 1029
2 17 1030
3 17 1029
1 17 1032
2 17 1031
3 17 1031
1 17 1034
2 17 1034
3 17 1033
1 17 1036
2 17 1036
3 17 1036
1 17 1037
2 17 1037
3 17 1038
1 17 1039
2 17 1039
3 17 1040
1 17 1041
2 17 1041
3 17 1041
1 17 1043
2 17 1043
3 17 1043
1 17 1046
2 17 1046
3 17 1045
1 17 1047
2 17 1048
3 17 1048
1 17 1049
2 17 1050
3 17 1050
1 17 1052
2 17 1051
3 17 1052
1 17 1053
2 17 1053
3 17 1053
1 17 1055
2 17 1055
3 17 1056
1 17 1057
2 17 1057
3 17 1057
1 17 1059
2 17 1059
3 17 1059
1 17 1062
2 17 1062
3 17 1061
1 17 1064
2 17 1064
3 17 1063
1 17 1066
2 17 1066
3 17 1065
1 17 1067
2 17 1068
3 17 1067
1 17 1069
2 17 1069
3 17 1069
1 17 1071
2 17 1071
3 17 1072
1 17 1073
2 17 1073
3 17 1073
1 17 1075
2 17 1076
3 17 1075
1 17 1077
2 17 1078
3 17 1077
1 17 1079
2 17 1079
3 17 1079
1 17 1081
2 17 1081
3 17 1081
1 17 1084
2 17 1084
3 17 1083
1 17 1085
2 17 1086
3 17 1085
1 17 1087
2 17 1087
3 17 1087
1 18 1089
2 18 1089
3 18 1089
1 18 1091
2 18 1092
3 18 1091
1 18 1093
2 18 1094
3 18 1093
1 18 1096
2 18 1095
3 18 1095
1 18 1098
2 18 1098
3 18 1097
1 18 1100
2 18 1100
3 18 1100
1 18 1101
2 18 1101
3 18 1102
1 18 1103
2 18 1103
3 18 1104
1 18 1105
2 18 1105
3 18 1105
1 18 1107
2 18 1107
3 18 1107
1 18 1110
2 18 1110
3 18 1109
1 18 1111
2 18 1112
3 18 1112
1 18 1113
2 18 1114
3 18 1114
1 18 1116
2 18 1115
3 18 1116
1 18 1117
2 18 1117
3 18 1117
1 18 1119
2 18 1119
3 18 1120
1 18 1121
2 18 1121
3 18 1121
1 18 1123
2 18 1123
3 18 1123
1 18 1126
2 18 1126
3 18 1125
1 18 1128
2 18 1128
3 18 1127
1 18 1130
2 18 1130
3 18 1129
1 18 1131
2 18 1132
3 18 1131
1 18 1133
2 18 1133
3 18 1133
1 18 1135
2 18 1135
3 18 1136
1 18 1137
2 18 1137
3 18 1137
1 18 1139
2 18 1140
3 18 1139
1 18 1141
2 18 1142
3 18 1141
1 18 1143
2 18 1143
3 18 1143
1 18 1145
2 18 1145
3 18 1145
1 18 1148
2 18 1148
3 18 1147
1 18 1149
2 18 1150
3 18 1149
1 18 1151
2 18 1151
3 18 1151
1 19 1153
2 19 1153
3 19 1153
1 19 1155
2 19 1156
3 19 1155
1 19 1157
2 19 1158
3 19 1157
1 19 1160
2 19 1159
3 19 1159
1 19 1162
2 19 1162
3 19 1161
1 19 1164
2 19 1164
3 19 1164
1 19 1165
2 19 1165
3 19 1166
1 19 1167
2 19 1167
3 19 1168
1 19 1169
2 19 1169
3 19 1169
1 19 1171
2 19 1171
3 19 1171
1 19 1174
2 19 1174
3 19 1173
1 19 1175
2 19 1176
3 19 1176
1 19 1177
2 19 1178
3 19 1178
1 19 1180
2 19 1179
3 19 1180
1 19 1181
2 19 1181
3 19 1181
1 19 1183
2 19 1183
3 19 1184
1 19 1185
2 19 1185
3 19 1185
1 19 1187
2 19 1187
3 19 1187
1 19 1190
2 19 1190
3 19 1189
1 19 1192
2 19 1192
3 19 1191
1 19 1194
2 19 1194
3 19 1193
1 19 1195
2 19 1196
3 19 1195
1 19 1197
2 19 1197
3 19 1197
1 19 1199
2 19 1199
3 19 1200
1 19 1201
2 19 1201
3 19 1201
1 19 1203
2 19 1204
3 19 1203
1 19 1205
2 19 1206
3 19 1205
1 19 1207
2 19 1207
3 19 1207
1 19 1209
2 19 1209
3 19 1209
1 19 1212
2 19 1212
3 19 1211
1 19 1213
2 19 1214
3 19 1213
1 19 1215
2 19 1215
3 19 1215
1 20 1217
2 20 1217
3 20 1217
1 20 1219
2 20 1220
3 20 1219
1 20 1221
2 20 1222
3 20 1221
1 20 1224
2 20 1223
3 20 1223
1 20 1226
2 20 1226
3 20 1225
1 20 1228
2 20 1228
3 20 1228
1 20 1229
2 20 1229
3 20 1230
1 20 1231
2 20 1231
3 20 1232
1 20 1233
2 20 1233
3 20 1233
1 20 1235
2 20 1235
3 20 1235
1 20 1238
2 20 1238
3 20 1237
1 20 1239
2 20 1240
3 20 1240
1 20 1241
2 20 1242
3 20 1242
1 20 1244
2 20 1243
3 20 1244
1 20 1245
2 20 1245
3 20 1245
1 20 1247
2 20 1247
3 20 1248
1 20 1249
2 20 1249
3 20 1249
1 20 1251
2 20 1251
3 20 1251
1 20 1254
2 20 1254
3 20 1253
1 20 1256
2 20 1256
3 20 1255
1 20 1258
2 20 1258
3 20 1257
1 20 1259
2 20 1260
3 20 1259
1 20 1261
2 20 1261
3 20 1261
1 20 1263
2 20 1263
3 20 1264
1 20 1265
2 20 1265
3 20 1265
1 20 1267
2 20 1268
3 20 1267
1 20 1269
2 20 1270
3 20 1269
1 20 1271
2 20 1271
3 20 1271
1 20 1273
2 20 1273
3 20 1273
1 20 1276
2 20 1276
3 20 1275
1 20 1277
2 20 1278
3 20 1277
1 20 1279
2 20 1279
3 20 1279
1 21 1281
2 21 1281
3 21 1281
1 21 1283
2 21 1284
3 21 1283
1 21 1285
2 21 1286
3 21 1285
1 21 1288
2 21 1287
3 21 1287
1 21 1290
2 21 1290
3 21 1289
1 21 1292
2 21 1292
3 21 1292
1 21 1293
2 21 1293
3 21 1294
1 21 1295
2 21 1295
3 21 1296
1 21 1297
2 21 1297
3 21 1297
1 21 1299
2 21 1299
3 21 1299
1 21 1302
2 21 1302
3 21 1301
1 21 1303
2 21 1304
3 21 1304
1 21 1305
2 21 1306
3 21 1306
1 21 1308
2 21 1307
3 21 1308
1 21 1309
2 21 1309
3 21 1309
1 21 1311
2 21 1311
3 21 1312
1 21 1313
2 21 1313
3 21 1313
1 21 1315
2 21 1315
3 21 1315
1 21 1318
2 21 1318
3 21 1317
1 21 1320
2 21 1320
3 21 1319
1 21 1322
2 21 1322
3 21 1321
1 21 1323
2 21 1324
3 21 1323
1 21 1325
2 21 1325
3 21 1325
1 21 1327
2 21 1327
3 21 1328
1 21 1329
2 21 1329
3 21 1329
1 21 1331
2 21 1332
3 21 1331
1 21 1333
2 21 1334
3 21 1333
1 21 1335
2 21 1335
3 21 1335
1 21 1337
2 21 1337
3 21 1337
1 21 1340
2 21 1340
3 21 1339
1 21 1341
2 21 1342
3 21 1341
1 21 1343
2 21 1343
3 21 1343
1 22 1345
2 22 1345
3 22 1345
1 22 1347
2 22 1348
3 22 1347
1 22 1349
2 22 1350
3 22 1349
1 22 1352
2 22 1351
3 22 1351
1 22 1354
2 22 1354
3 22 1353
1 22 1356
2 22 1356
3 22 1356
1 22 1357
2 22 1357
3 22 1358
1 22 1359
2 22 1359
3 22 1360
1 22 1361
2 22 1361
3 22 1361
1 22 1363
2 22 1363
3 22 1363
1 22 1366
2 22 1366
3 22 1365
1 22 1367
2 22 1368
3 22 1368
1 22 1369
2 22 1370
3 22 1370
1 22 1372
2 22 1371
3 22 1372
1 22 1373
2 22 1373
3 22 1373
1 22 1375
2 22 1375
3 22 1376
1 22 1377
2 22 1377
3 22 1377
1 22 1379
2 22 1379
3 22 1379
1 22 1382
2 22 1382
3 22 1381
1 22 1384
2 22 1384
3 22 1383
1 22 1386
2 22 1386
3 22 1385
1 22 1387
2 22 1388
3 22 1387
1 22 1389
2 22 1389
3 22 1389
1 22 1391
2 22 1391
3 22 1392
1 22 1393
2 22 1393
3 22 1393
1 22 1395
2 22 1396
3 22 1395
1 22 1397
2 22 1398
3 22 1397
1 22 1399
2 22 1399
3 22 1399
1 22 1401
2 22 1401
3 22 1401
1 22 1404
2 22 1404
3 22 1403
1 22 1405
2 22 1406
3 22 1405
1 22 1407
2 22 1407
3 22 1407
1 23 1409
2 23 1409
3 23 1409
1 23 1411
2 23 1412
3 23 1411
1 23 1413
2 23 1414
3 23 1413
1 23 1416
2 23 1415
3 23 1415
1 23 1418
2 23 1418
3 23 1417
1 23 1420
2 23 1420
3 23 1420
1 23 1421
2 23 1421
3 23 1422
1 23 1423
2 23 1423
3 23 1424
1 23 1425
2 23 1425
3 23 1425
1 23 1427
2 23 1427
3 23 1427
1 23 1430
2 23 1430
3 23 1429
1 23 1431
2 23 1432
3 23 1432
1 23 1433
2 23 1434
3 23 1434
1 23 1436
2 23 1435
3 23 1436
1 23 1437
2 23 1437
3 23 1437
1 23 1439
2 23 1439
3 23 1440
1 23 1441
2 23 1441
3 23 1441
1 23 1443
2 23 1443
3 23 1443
1 23 1446
2 23 1446
3 23 1445
1 23 1448
2 23 1448
3 23 1447
1 23 1450
2 23 1450
3 23 1449
1 23 1451
2 23 1452
3 23 1451
1 23 1453
2 23 1453
3 23 1453
1 23 1455
2 23 1455
3 23 1456
1 23 1457
2 23 1457
3 23 1457
1 23 1459
2 23 1460
3 23 1459
1 23 1461
2 23 1462
3 23 1461
1 23 1463
2 23 1463
3 23 1463
1 23 1465
2 23 1465
3 23 1465
1 23 1468
2 23 1468
3 23 1467
1 23 1469
2 23 1470
3 23 1469
1 23 1471
2 23 1471
3 23 1471
1 24 1473
2 24 1473
3 24 1473
1 24 1475
2 24 1476
3 24 1475
1 24 1477
2 24 1478
3 24 1477
1 24 1480
2 24 1479
3 24 1479
1 24 1482
2 24 1482
3 24 1481
1 24 1484
2 24 1484
3 24 1484
1 24 1485
2 24 1485
3 24 1486
1 24 1487
2 24 1487
3 24 1488
1 24 1489
2 24 1489
3 24 1489
1 24 1491
2 24 1491
3 24 1491
1 24 1494
2 24 1494
3 24 1493
1 24 1495
2 24 1496
3 24 1496
1 24 1497
2 24 1498
3 24 1498
1 24 1500
2 24 1499
3 24 1500
1 24 1501
2 24 1501
3 24 1501
1 24 1503
2 24 1503
3 24 1504
1 24 1505
2 24 1505
3 24 1505
1 24 1507
2 24 1507
3 24 1507
1 24 1510
2 24 1510
3 24 1509
1 24 1512
2 24 1512
3 24 1511
1 24 1514
2 24 1514
3 24 1513
1 24 1515
2 24 1516
3 24 1515
1 24 1517
2 24 1517
3 24 1517
1 24 1519
2 24 1519
3 24 1520
1 24 1521
2 24 1521
3 24 1521
1 24 1523
2 24 1524
3 24 1523
1 24 1525
2 24 1526
3 24 1525
1 24 1527
2 24 1527
3 24 1527
1 24 1529
2 24 1529
3 24 1529
1 24 1532
2 24 1532
3 24 1531
1 24 1533
2 24 1534
3 24 1533
1 24 1535
2 24 1535
3 24 1535
1 25 1537
2 25 1537
3 25 1537
1 25 1539
2 25 1540
3 25 1539
1 25 1541
2 25 1542
3 25 1541
1 25 1544
2 25 1543
3 25 1543
1 25 1546
2 25 1546
3 25 1545
1 25 1548
2 25 1548
3 25 1548
1 25 1549
2 25 1549
3 25 1550
1 25 1551
2 25 1551
3 25 1552
1 25 1553
2 25 1553
3 25 1553
1 25 1555
2 25 1555
3 25 1555
1 25 1558
2 25 1558
3 25 1557
1 25 1559
2 25 1560
3 25 1560
1 25 1561
2 25 1562
3 25 1562
1 25 1564
2 25 1563
3 25 1564
1 25 1565
2 25 1565
3 25 1565
1 25 1567
2 25 1567
3 25 1568
1 25 1569
2 25 1569
3 25 1569
1 25 1571
2 25 1571
3 25 1571
1 25 1574
2 25 1574
3 25 1573
1 25 1576
2 25 1576
3 25 1575
1 25 1578
2 25 1578
3 25 1577
1 25 1579
2 25 1580
3 25 1579
1 25 1581
2 25 1581
3 25 1581
1 25 1583
2 25 1583
3 25 1584
1 25 1585
2 25 1585
3 25 1585
1 25 1587
2 25 1588
3 25 1587
1 25 1589
2 25 1590
3 25 1589
1 25 1591
2 25 1591
3 25 1591
1 25 1593
2 25 1593
3 25 1593
1 25 1596
2 25 1596
3 25 1595
1 25 1597
2 25 1598
3 25 1597
1 25 1599
2 25 1599
3 25 1599
1 26 1601
2 26 1601
3 26 1601
1 26 1603
2 26 1604
3 26 1603
1 26 1605
2 26 1606
3 26 1605
1 26 1608
2 26 1607
3 26 1607
1 26 1610
2 26 1610
3 26 1609
1 26 1612
2 26 1612
3 26 1612
1 26 1613
2 26 1613
3 26 1614
1 26 1615
2 26 1615
3 26 1616
1 26 1617
2 26 1617
3 26 1617
1 26 1619
2 26 1619
3 26 1619
1 26 1622
2 26 1622
3 26 1621
1 26 1623
2 26 1624
3 26 1624
1 26 1625
2 26 1626
3 26 1626
1 26 1628
2 26 1627
3 26 1628
1 26 1629
2 26 1629
3 26 1629
1 26 1631
2 26 1631
3 26 1632
1 26 1633
2 26 1633
3 26 1633
1 26 1635
2 26 1635
3 26 1635
1 26 1638
2 26 1638
3 26 1637
1 26 1640
2 26 1640
3 26 1639
1 26 1642
2 26 1642
3 26 1641
1 26 1643
2 26 1644
3 26 1643
1 26 1645
2 26 1645
3 26 1645
1 26 1647
2 26 1647
3 26 1648
1 26 1649
2 26 1649
3 26 1649
1 26 1651
2 26 1652
3 26 1651
1 26 1653
2 26 1654
3 26 1653
1 26 1655
2 26 1655
3 26 1655
1 26 1657
2 26 1657
3 26 1657
1 26 1660
2 26 1660
3 26 1659
1 26 1661
2 26 1662
3 26 1661
1 26 1663
2 26 1663
3 26 1663
1 1 1665
2 1 1665
3 1 1665
1 2 1666
2 2 1666
3 2 1666
1 3 1667
2 3 1667
3 3 1667
1 4 1668
2 4 1668
3 4 1668
1 5 1669
2 5 1669
3 5 1669
1 6 1670
2 6 1670
3 6 1670
1 7 1671
2 7 1671
3 7 1671
1 8 1672
2 8 1672
3 8 1672
1 9 1673
2 9 1673
3 9 1673
1 10 1674
2 10 1674
3 10 1674
1 11 1675
2 11 1675
3 11 1675
1 12 1676
2 12 1676
3 12 1676
1 13 1677
2 13 1677
3 13 1677
1 14 1678
2 14 1678
3 14 1678
1 15 1679
2 15 1679
3 15 1679
1 16 1680
2 16 1680
3 16 1680
1 17 1681
2 17 1681
3 17 1681
1 18 1682
2 18 1682
3 18 1682
1 19 1683
2 19 1683
3 19 1683
1 20 1684
2 20 1684
3 20 1684
1 21 1685
2 21 1685
3 21 1685
1 22 1686
2 22 1686
3 22 1686
1 23 1687
2 23 1687
3 23 1687
1 24 1688
2 24 1688
3 24 1688
1 25 1689
2 25 1689
3 25 1689
1 26 1690
2 26 1690
3 26 1690
1,2 1,1 1691
2,3 1,1 1691
1,2 1,2 1692
2,3 1,2 1692
1,2 1,3 1693
2,3 1,3 1693
1,2 1,4 1694
2,3 1,4 1694
1,2 1,5 1695
2,3 1,5 1695
1,2 1,6 1696
2,3 1,6 1696
1,2 1,7 1697
2,3 1,7 1697
1,2 1,8 1698
2,3 1,8 1698
1,2 1,9 1699
2,3 1,9 1699
1,2 1,10 1700
2,3 1,10 1700
1,2 1,11 1701
2,3 1,11 1701
1,2 1,12 1702
2,3 1,12 1702
1,2 1,13 1703
2,3 1,13 1703
1,2 1,14 1704
2,3 1,14 1704
1,2 1,15 1705
2,3 1,15 1705
1,2 1,16 1706
2,3 1,16 1706
1,2 1,17 1707
2,3 1,17 1707
1,2 1,18 1708
2,3 1,18 1708
1,2 1,19 1709
2,3 1,19 1709
1,2 1,20 1710
2,3 1,20 1710
1,2 1,21 1711
2,3 1,21 1711
1,2 1,22 1712
2,3 1,22 1712
1,2 1,23 1713
2,3 1,23 1713
1,2 1,24 1714
2,3 1,24 1714
1,2 1,25 1715
2,3 1,25 1715
1,2 1,26 1716
2,3 1,26 1716
1,2 2,1 1717
2,3 2,1 1717
1,2 2,2 1718
2,3 2,2 1718
1,2 2,3 1719
2,3 2,3 1719
1,2 2,4 1720
2,3 2,4 1720
1,2 2,5 1721
2,3 2,5 1721
1,2 2,6 1722
2,3 2,6 1722
1,2 2,7 1723
2,3 2,7 1723
1,2 2,8 1724
2,3 2,8 1724
1,2 2,9 1725
2,3 2,9 1725
1,2 2,10 1726
2,3 2,10 1726
1,2 2,11 1727
2,3 2,11 1727
1,2 2,12 1728
2,3 2,12 1728
1,2 2,13 1729
2,3 2,13 1729
1,2 2,14 1730
2,3 2,14 1730
1,2 2,15 1731
2,3 2,15 1731
1,2 2,16 1732
2,3 2,16 1732
1,2 2,17 1733
2,3 2,17 1733
1,2 2,18 1734
2,3 2,18 1734
1,2 2,19 1735
2,3 2,19 1735
1,2 2,20 1736
2,3 2,20 1736
1,2 2,21 1737
2,3 2,21 1737
1,2 2,22 1738
2,3 2,22 1738
1,2 2,23 1739
2,3 2,23 1739
1,2 2,24 1740
2,3 2,24 1740
1,2 2,25 1741
2,3 2,25 1741
1,2 2,26 1742
2,3 2,26 1742
1,2 3,1 1743
2,3 3,1 1743
1,2 3,2 1744
2,3 3,2 1744
1,2 3,3 1745
2,3 3,3 1745
1,2 3,4 1746
2,3 3,4 1746
1,2 3,5 1747
2,3 3,5 1747
1,2 3,6 1748
2,3 3,6 1748
1,2 3,7 1749
2,3 3,7 1749
1,2 3,8 1750
2,3 3,8 1750
1,2 3,9 1751
2,3 3,9 1751
1,2 3,10 1752
2,3 3,10 1752
1,2 3,11 1753
2,3 3,11 1753
1,2 3,12 1754
2,3 3,12 1754
1,2 3,13 1755
2,3 3,13 1755
1,2 3,14 1756
2,3 3,14 1756
1,2 3,15 1757
2,3 3,15 1757
1,2 3,16 1758
2,3 3,16 1758
1,2 3,17 1759
2,3 3,17 1759
1,2 3,18 1760
2,3 3,18 1760
1,2 3,19 1761
2,3 3,19 1761
1,2 3,20 1762
2,3 3,20 1762
1,2 3,21 1763
2,3 3,21 1763
1,2 3,22 1764
2,3 3,22 1764
1,2 3,23 1765
2,3 3,23 1765
1,2 3,24 1766
2,3 3,24 1766
1,2 3,25 1767
2,3 3,25 1767
1,2 3,26 1768
2,3 3,26 1768
1,2 4,1 1769
2,3 4,1 1769
1,2 4,2 1770
2,3 4,2 1770
1,2 4,3 1771
2,3 4,3 1771
1,2 4,4 1772
2,3 4,4 1772
1,2 4,5 1773
2,3 4,5 1773
1,2 4,6 1774
2,3 4,6 1774
1,2 4,7 1775
2,3 4,7 1775
1,2 4,8 1776
2,3 4,8 1776
1,2 4,9 1777
2,3 4,9 1777
1,2 4,10 1778
2,3 4,10 1778
1,2 4,11 1779
2,3 4,11 1779
1,2 4,12 1780
2,3 4,12 1780
1,2 4,13 1781
2,3 4,13 1781
1,2 4,14 1782
2,3 4,14 1782
1,2 4,15 1783
2,3 4,15 1783
1,2 4,16 1784
2,3 4,16 1784
1,2 4,17 1785
2,3 4,17 1785
1,2 4,18 1786
2,3 4,18 1786
1,2 4,19 1787
2,3 4,19 1787
1,2 4,20 1788
2,3 4,20 1788
1,2 4,21 1789
2,3 4,21 1789
1,2 4,22 1790
2,3 4,22 1790
1,2 4,23 1791
2,3 4,23 1791
1,2 4,24 1792
2,3 4,24 1792
1,2 4,25 1793
2,3 4,25 1793
1,2 4,26 1794
2,3 4,26 1794
1,2 5,1 1795
2,3 5,1 1795
1,2 5,2 1796
2,3 5,2 1796
1,2 5,3 1797
2,3 5,3 1797
1,2 5,4 1798
2,3 5,4 1798
1,2 5,5 1799
2,3 5,5 1799
1,2 5,6 1800
2,3 5,6 1800
1,2 5,7 1801
2,3 5,7 1801
1,2 5,8 1802
2,3 5,8 1802
1,2 5,9 1803
2,3 5,9 1803
1,2 5,10 1804
2,3 5,10 1804
1,2 5,11 1805
2,3 5,11 1805
1,2 5,12 1806
2,3 5,12 1806
1,2 5,13 1807
2,3 5,13 1807
1,2 5,14 1808
2,3 5,14 1808
1,2 5,15 1809
2,3 5,15 1809
1,2 5,16 1810
2,3 5,16 1810
1,2 5,17 1811
2,3 5,17 1811
1,2 5,18 1812
2,3 5,18 1812
1,2 5,19 1813
2,3 5,19 1813
1,2 5,20 1814
2,3 5,20 1814
1,2 5,21 1815
2,3 5,21 1815
1,2 5,22 1816
2,3 5,22 1816
1,2 5,23 1817
2,3 5,23 1817
1,2 5,24 1818
2,3 5,24 1818
1,2 5,25 1819
2,3 5,25 1819
1,2 5,26 1820
2,3 5,26 1820
1,2 6,1 1821
2,3 6,1 1821
1,2 6,2 1822
2,3 6,2 1822
1,2 6,3 1823
2,3 6,3 1823
1,2 6,4 1824
2,3 6,4 1824
1,2 6,5 1825
2,3 6,5 1825
1,2 6,6 1826
2,3 6,6 1826
1,2 6,7 1827
2,3 6,7 1827
1,2 6,8 1828
2,3 6,8 1828
1,2 6,9 1829
2,3 6,9 1829
1,2 6,10 1830
2,3 6,10 1830
1,2 6,11 1831
2,3 6,11 1831
1,2 6,12 1832
2,3 6,12 1832
1,2 6,13 1833
2,3 6,13 1833
1,2 6,14 1834
2,3 6,14 1834
1,2 6,15 1835
2,3 6,15 1835
1,2 6,16 1836
2,3 6,16 1836
1,2 6,17 1837
2,3 6,17 1837
1,2 6,18 1838
2,3 6,18 1838
1,2 6,19 1839
2,3 6,19 1839
1,2 6,20 1840
2,3 6,20 1840
1,2 6,21 1841
2,3 6,21 1841
1,2 6,22 1842
2,3 6,22 1842
1,2 6,23 1843
2,3 6,23 1843
1,2 6,24 1844
2,3 6,24 1844
1,2 6,25 1845
2,3 6,25 1845
1,2 6,26 1846
2,3 6,26 1846
1,2 7,1 1847
2,3 7,1 1847
1,2 7,2 1848
2,3 7,2 1848
1,2 7,3 1849
2,3 7,3 1849
1,2 7,4 1850
2,3 7,4 1850
1,2 7,5 1851
2,3 7,5 1851
1,2 7,6 1852
2,3 7,6 1852
1,2 7,7 1853
2,3 7,7 1853
1,2 7,8 1854
2,3 7,8 1854
1,2 7,9 1855
2,3 7,9 1855
1,2 7,10 1856
2,3 7,10 1856
1,2 7,11 1857
2,3 7,11 1857
1,2 7,12 1858
2,3 7,12 1858
1,2 7,13 1859
2,3 7,13 1859
1,2 7,14 1860
2,3 7,14 1860
1,2 7,15 1861
2,3 7,15 1861
1,2 7,16 1862
2,3 7,16 1862
1,2 7,17 1863
2,3 7,17 1863
1,2 7,18 1864
2,3 7,18 1864
1,2 7,19 1865
2,3 7,19 1865
1,2 7,20 1866
2,3 7,20 1866
1,2 7,21 1867
2,3 7,21 1867
1,2 7,22 1868
2,3 7,22 1868
1,2 7,23 1869
2,3 7,23 1869
1,2 7,24 1870
2,3 7,24 1870
1,2 7,25 1871
2,3 7,25 1871
1,2 7,26 1872
2,3 7,26 1872
1,2 8,1 1873
2,3 8,1 1873
1,2 8,2 1874
2,3 8,2 1874
1,2 8,3 1875
2,3 8,3 1875
1,2 8,4 1876
2,3 8,4 1876
1,2 8,5 1877
2,3 8,5 1877
1,2 8,6 1878
2,3 8,6 1878
1,2 8,7 1879
2,3 8,7 1879
1,2 8,8 1880
2,3 8,8 1880
1,2 8,9 1881
2,3 8,9 1881
1,2 8,10 1882
2,3 8,10 1882
1,2 8,11 1883
2,3 8,11 1883
1,2 8,12 1884
2,3 8,12 1884
1,2 8,13 1885
2,3 8,13 1885
1,2 8,14 1886
2,3 8,14 1886
1,2 8,15 1887
2,3 8,15 1887
1,2 8,16 1888
2,3 8,16 1888
1,2 8,17 1889
2,3 8,17 1889
1,2 8,18 1890
2,3 8,18 1890
1,2 8,19 1891
2,3 8,19 1891
1,2 8,20 1892
2,3 8,20 1892
1,2 8,21 1893
2,3 8,21 1893
1,2 8,22 1894
2,3 8,22 1894
1,2 8,23 1895
2,3 8,23 1895
1,2 8,24 1896
2,3 8,24 1896
1,2 8,25 1897
2,3 8,25 1897
1,2 8,26 1898
2,3 8,26 1898
1,2 9,1 1899
2,3 9,1 1899
1,2 9,2 1900
2,3 9,2 1900
1,2 9,3 1901
2,3 9,3 1901
1,2 9,4 1902
2,3 9,4 1902
1,2 9,5 1903
2,3 9,5 1903
1,2 9,6 1904
2,3 9,6 1904
1,2 9,7 1905
2,3 9,7 1905
1,2 9,8 1906
2,3 9,8 1906
1,2 9,9 1907
2,3 9,9 1907
1,2 9,10 1908
2,3 9,10 1908
1,2 9,11 1909
2,3 9,11 1909
1,2 9,12 1910
2,3 9,12 1910
1,2 9,13 1911
2,3 9,13 1911
1,2 9,14 1912
2,3 9,14 1912
1,2 9,15 1913
2,3 9,15 1913
1,2 9,16 1914
2,3 9,16 1914
1,2 9,17 1915
2,3 9,17 1915
1,2 9,18 1916
2,3 9,18 1916
1,2 9,19 1917
2,3 9,19 1917
1,2 9,20 1918
2,3 9,20 1918
1,2 9,21 1919
2,3 9,21 1919
1,2 9,22 1920
2,3 9,22 1920
1,2 9,23 1921
2,3 9,23 1921
1,2 9,24 1922
2,3 9,24 1922
1,2 9,25 1923
2,3 9,25 1923
1,2 9,26 1924
2,3 9,26 1924
1,2 10,1 1925
2,3 10,1 1925
1,2 10,2 1926
2,3 10,2 1926
1,2 10,3 1927
2,3 10,3 1927
1,2 10,4 1928
2,3 10,4 1928
1,2 10,5 1929
2,3 10,5 1929
1,2 10,6 1930
2,3 10,6 1930
1,2 10,7 1931
2,3 10,7 1931
1,2 10,8 1932
2,3 10,8 1932
1,2 10,9 1933
2,3 10,9 1933
1,2 10,10 1934
2,3 10,10 1934
1,2 10,11 1935
2,3 10,11 1935
1,2 10,12 1936
2,3 10,12 1936
1,2 10,13 1937
2,3 10,13 1937
1,2 10,14 1938
2,3 10,14 1938
1,2 10,15 1939
2,3 10,15 1939
1,2 10,16 1940
2,3 10,16 1940
1,2 10,17 1941
2,3 10,17 1941
1,2 10,18 1942
2,3 10,18 1942
1,2 10,19 1943
2,3 10,19 1943
1,2 10,20 1944
2,3 10,20 1944
1,2 10,21 1945
2,3 10,21 1945
1,2 10,22 1946
2,3 10,22 1946
1,2 10,23 1947
2,3 10,23 1947
1,2 10,24 1948
2,3 10,24 1948
1,2 10,25 1949
2,3 10,25 1949
1,2 10,26 1950
2,3 10,26 1950
1,2 11,1 1951
2,3 11,1 1951
1,2 11,2 1952
2,3 11,2 1952
1,2 11,3 1953
2,3 11,3 1953
1,2 11,4 1954
2,3 11,4 1954
1,2 11,5 1955
2,3 11,5 1955
1,2 11,6 1956
2,3 11,6 1956
1,2 11,7 1957
2,3 11,7 1957
1,2 11,8 1958
2,3 11,8 1958
1,2 11,9 1959
2,3 11,9 1959
1,2 11,10 1960
2,3 11,10 1960
1,2 11,11 1961
2,3 11,11 1961
1,2 11,12 1962
2,3 11,12 1962
1,2 11,13 1963
2,3 11,13 1963
1,2 11,14 1964
2,3 11,14 1964
1,2 11,15 1965
2,3 11,15 1965
1,2 11,16 1966
2,3 11,16 1966
1,2 11,17 1967
2,3 11,17 1967
1,2 11,18 1968
2,3 11,18 1968
1,2 11,19 1969
2,3 11,19 1969
1,2 11,20 1970
2,3 11,20 1970
1,2 11,21 1971
2,3 11,21 1971
1,2 11,22 1972
2,3 11,22 1972
1,2 11,23 1973
2,3 11,23 1973
1,2 11,24 1974
2,3 11,24 1974
1,2 11,25 1975
2,3 11,25 1975
1,2 11,26 1976
2,3 11,26 1976
1,2 12,1 1977
2,3 12,1 1977
1,2 12,2 1978
2,3 12,2 1978
1,2 12,3 1979
2,3 12,3 1979
1,2 12,4 1980
2,3 12,4 1980
1,2 12,5 1981
2,3 12,5 1981
1,2 12,6 1982
2,3 12,6 1982
1,2 12,7 1983
2,3 12,7 1983
1,2 12,8 1984
2,3 12,8 1984
1,2 12,9 1985
2,3 12,9 1985
1,2 12,10 1986
2,3 12,10 1986
1,2 12,11 1987
2,3 12,11 1987
1,2 12,12 1988
2,3 12,12 1988
1,2 12,13 1989
2,3 12,13 1989
1,2 12,14 1990
2,3 12,14 1990
1,2 12,15 1991
2,3 12,15 1991
1,2 12,16 1992
2,3 12,16 1992
1,2 12,17 1993
2,3 12,17 1993
1,2 12,18 1994
2,3 12,18 1994
1,2 12,19 1995
2,3 12,19 1995
1,2 12,20 1996
2,3 12,20 1996
1,2 12,21 1997
2,3 12,21 1997
1,2 12,22 1998
2,3 12,22 1998
1,2 12,23 1999
2,3 12,23 1999
1,2 12,24 2000
2,3 12,24 2000
1,2 12,25 2001
2,3 12,25 2001
1,2 12,26 2002
2,3 12,26 2002
1,2 13,1 2003
2,3 13,1 2003
1,2 13,2 2004
2,3 13,2 2004
1,2 13,3 2005
2,3 13,3 2005
1,2 13,4 2006
2,3 13,4 2006
1,2 13,5 2007
2,3 13,5 2007
1,2 13,6 2008
2,3 13,6 2008
1,2 13,7 2009
2,3 13,7 2009
1,2 13,8 2010
2,3 13,8 2010
1,2 13,9 2011
2,3 13,9 2011
1,2 13,10 2012
2,3 13,10 2012
1,2 13,11 2013
2,3 13,11 2013
1,2 13,12 2014
2,3 13,12 2014
1,2 13,13 2015
2,3 13,13 2015
1,2 13,14 2016
2,3 13,14 2016
1,2 13,15 2017
2,3 13,15 2017
1,2 13,16 2018
2,3 13,16 2018
1,2 13,17 2019
2,3 13,17 2019
1,2 13,18 2020
2,3 13,18 2020
1,2 13,19 2021
2,3 13,19 2021
1,2 13,20 2022
2,3 13,20 2022
1,2 13,21 2023
2,3 13,21 2023
1,2 13,22 2024
2,3 13,22 2024
1,2 13,23 2025
2,3 13,23 2025
1,2 13,24 2026
2,3 13,24 2026
1,2 13,25 2027
2,3 13,25 2027
1,2 13,26 2028
2,3 13,26 2028
1,2 14,1 2029
2,3 14,1 2029
1,2 14,2 2030
2,3 14,2 2030
1,2 14,3 2031
2,3 14,3 2031
1,2 14,4 2032
2,3 14,4 2032
1,2 14,5 2033
2,3 14,5 2033
1,2 14,6 2034
2,3 14,6 2034
1,2 14,7 2035
2,3 14,7 2035
1,2 14,8 2036
2,3 14,8 2036
1,2 14,9 2037
2,3 14,9 2037
1,2 14,10 2038
2,3 14,10 2038
1,2 14,11 2039
2,3 14,11 2039
1,2 14,12 2040
2,3 14,12 2040
1,2 14,13 2041
2,3 14,13 2041
1,2 14,14 2042
2,3 14,14 2042
1,2 14,15 2043
2,3 14,15 2043
1,2 14,16 2044
2,3 14,16 2044
1,2 14,17 2045
2,3 14,17 2045
1,2 14,18 2046
2,3 14,18 2046
1,2 14,19 2047
2,3 14,19 2047
1,2 14,20 2048
2,3 14,20 2048
1,2 14,21 2049
2,3 14,21 2049
1,2 14,22 2050
2,3 14,22 2050
1,2 14,23 2051
2,3 14,23 2051
1,2 14,24 2052
2,3 14,24 2052
1,2 14,25 2053
2,3 14,25 2053
1,2 14,26 2054
2,3 14,26 2054
1,2 15,1 2055
2,3 15,1 2055
1,2 15,2 2056
2,3 15,2 2056
1,2 15,3 2057
2,3 15,3 2057
1,2 15,4 2058
2,3 15,4 2058
1,2 15,5 2059
2,3 15,5 2059
1,2 15,6 2060
2,3 15,6 2060
1,2 15,7 2061
2,3 15,7 2061
1,2 15,8 2062
2,3 15,8 2062
1,2 15,9 2063
2,3 15,9 2063
1,2 15,10 2064
2,3 15,10 2064
1,2 15,11 2065
2,3 15,11 2065
1,2 15,12 2066
2,3 15,12 2066
1,2 15,13 2067
2,3 15,13 2067
1,2 15,14 2068
2,3 15,14 2068
1,2 15,15 2069
2,3 15,15 2069
1,2 15,16 2070
2,3 15,16 2070
1,2 15,17 2071
2,3 15,17 2071
1,2 15,18 2072
2,3 15,18 2072
1,2 15,19 2073
2,3 15,19 2073
1,2 15,20 2074
2,3 15,20 2074
1,2 15,21 2075
2,3 15,21 2075
1,2 15,22 2076
2,3 15,22 2076
1,2 15,23 2077
2,3 15,23 2077
1,2 15,24 2078
2,3 15,24 2078
1,2 15,25 2079
2,3 15,25 2079
1,2 15,26 2080
2,3 15,26 2080
1,2 16,1 2081
2,3 16,1 2081
1,2 16,2 2082
2,3 16,2 2082
1,2 16,3 2083
2,3 16,3 2083
1,2 16,4 2084
2,3 16,4 2084
1,2 16,5 2085
2,3 16,5 2085
1,2 16,6 2086
2,3 16,6 2086
1,2 16,7 2087
2,3 16,7 2087
1,2 16,8 2088
2,3 16,8 2088
1,2 16,9 2089
2,3 16,9 2089
1,2 16,10 2090
2,3 16,10 2090
1,2 16,11 2091
2,3 16,11 2091
1,2 16,12 2092
2,3 16,12 2092
1,2 16,13 2093
2,3 16,13 2093
1,2 16,14 2094
2,3 16,14 2094
1,2 16,15 2095
2,3 16,15 2095
1,2 16,16 2096
2,3 16,16 2096
1,2 16,17 2097
2,3 16,17 2097
1,2 16,18 2098
2,3 16,18 2098
1,2 16,19 2099
2,3 16,19 2099
1,2 16,20 2100
2,3 16,20 2100
1,2 16,21 2101
2,3 16,21 2101
1,2 16,22 2102
2,3 16,22 2102
1,2 16,23 2103
2,3 16,23 2103
1,2 16,24 2104
2,3 16,24 2104
1,2 16,25 2105
2,3 16,25 2105
1,2 16,26 2106
2,3 16,26 2106
1,2 17,1 2107
2,3 17,1 2107
1,2 17,2 2108
2,3 17,2 2108
1,2 17,3 2109
2,3 17,3 2109
1,2 17,4 2110
2,3 17,4 2110
1,2 17,5 2111
2,3 17,5 2111
1,2 17,6 2112
2,3 17,6 2112
1,2 17,7 2113
2,3 17,7 2113
1,2 17,8 2114
2,3 17,8 2114
1,2 17,9 2115
2,3 17,9 2115
1,2 17,10 2116
2,3 17,10 2116
1,2 17,11 2117
2,3 17,11 2117
1,2 17,12 2118
2,3 17,12 2118
1,2 17,13 2119
2,3 17,13 2119
1,2 17,14 2120
2,3 17,14 2120
1,2 17,15 2121
2,3 17,15 2121
1,2 17,16 2122
2,3 17,16 2122
1,2 17,17 2123
2,3 17,17 2123
1,2 17,18 2124
2,3 17,18 2124
1,2 17,19 2125
2,3 17,19 2125
1,2 17,20 2126
2,3 17,20 2126
1,2 17,21 2127
2,3 17,21 2127
1,2 17,22 2128
2,3 17,22 2128
1,2 17,23 2129
2,3 17,23 2129
1,2 17,24 2130
2,3 17,24 2130
1,2 17,25 2131
2,3 17,25 2131
1,2 17,26 2132
2,3 17,26 2132
1,2 18,1 2133
2,3 18,1 2133
1,2 18,2 2134
2,3 18,2 2134
1,2 18,3 2135
2,3 18,3 2135
1,2 18,4 2136
2,3 18,4 2136
1,2 18,5 2137
2,3 18,5 2137
1,2 18,6 2138
2,3 18,6 2138
1,2 18,7 2139
2,3 18,7 2139
1,2 18,8 2140
2,3 18,8 2140
1,2 18,9 2141
2,3 18,9 2141
1,2 18,10 2142
2,3 18,10 2142
1,2 18,11 2143
2,3 18,11 2143
1,2 18,12 2144
2,3 18,12 2144
1,2 18,13 2145
2,3 18,13 2145
1,2 18,14 2146
2,3 18,14 2146
1,2 18,15 2147
2,3 18,15 2147
1,2 18,16 2148
2,3 18,16 2148
1,2 18,17 2149
2,3 18,17 2149
1,2 18,18 2150
2,3 18,18 2150
1,2 18,19 2151
2,3 18,19 2151
1,2 18,20 2152
2,3 18,20 2152
1,2 18,21 2153
2,3 18,21 2153
1,2 18,22 2154
2,3 18,22 2154
1,2 18,23 2155
2,3 18,23 2155
1,2 18,24 2156
2,3 18,24 2156
1,2 18,25 2157
2,3 18,25 2157
1,2 18,26 2158
2,3 18,26 2158
1,2 19,1 2159
2,3 19,1 2159
1,2 19,2 2160
2,3 19,2 2160
1,2 19,3 2161
2,3 19,3 2161
1,2 19,4 2162
2,3 19,4 2162
1,2 19,5 2163
2,3 19,5 2163
1,2 19,6 2164
2,3 19,6 2164
1,2 19,7 2165
2,3 19,7 2165
1,2 19,8 2166
2,3 19,8 2166
1,2 19,9 2167
2,3 19,9 2167
1,2 19,10 2168
2,3 19,10 2168
1,2 19,11 2169
2,3 19,11 2169
1,2 19,12 2170
2,3 19,12 2170
1,2 19,13 2171
2,3 19,13 2171
1,2 19,14 2172
2,3 19,14 2172
1,2 19,15 2173
2,3 19,15 2173
1,2 19,16 2174
2,3 19,16 2174
1,2 19,17 2175
2,3 19,17 2175
1,2 19,18 2176
2,3 19,18 2176
1,2 19,19 2177
2,3 19,19 2177
1,2 19,20 2178
2,3 19,20 2178
1,2 19,21 2179
2,3 19,21 2179
1,2 19,22 2180
2,3 19,22 2180
1,2 19,23 2181
2,3 19,23 2181
1,2 19,24 2182
2,3 19,24 2182
1,2 19,25 2183
2,3 19,25 2183
1,2 19,26 2184
2,3 19,26 2184
1,2 20,1 2185
2,3 20,1 2185
1,2 20,2 2186
2,3 20,2 2186
1,2 20,3 2187
2,3 20,3 2187
1,2 20,4 2188
2,3 20,4 2188
1,2 20,5 2189
2,3 20,5 2189
1,2 20,6 2190
2,3 20,6 2190
1,2 20,7 2191
2,3 20,7 2191
1,2 20,8 2192
2,3 20,8 2192
1,2 20,9 2193
2,3 20,9 2193
1,2 20,10 2194
2,3 20,10 2194
1,2 20,11 2195
2,3 20,11 2195
1,2 20,12 2196
2,3 20,12 2196
1,2 20,13 2197
2,3 20,13 2197
1,2 20,14 2198
2,3 20,14 2198
1,2 20,15 2199
2,3 20,15 2199
1,2 20,16 2200
2,3 20,16 2200
1,2 20,17 2201
2,3 20,17 2201
1,2 20,18 2202
2,3 20,18 2202
1,2 20,19 2203
2,3 20,19 2203
1,2 20,20 2204
2,3 20,20 2204
1,2 20,21 2205
2,3 20,21 2205
1,2 20,22 2206
2,3 20,22 2206
1,2 20,23 2207
2,3 20,23 2207
1,2 20,24 2208
2,3 20,24 2208
1,2 20,25 2209
2,3 20,25 2209
1,2 20,26 2210
2,3 20,26 2210
1,2 21,1 2211
2,3 21,1 2211
1,2 21,2 2212
2,3 21,2 2212
1,2 21,3 2213
2,3 21,3 2213
1,2 21,4 2214
2,3 21,4 2214
1,2 21,5 2215
2,3 21,5 2215
1,2 21,6 2216
2,3 21,6 2216
1,2 21,7 2217
2,3 21,7 2217
1,2 21,8 2218
2,3 21,8 2218
1,2 21,9 2219
2,3 21,9 2219
1,2 21,10 2220
2,3 21,10 2220
1,2 21,11 2221
2,3 21,11 2221
1,2 21,12 2222
2,3 21,12 2222
1,2 21,13 2223
2,3 21,13 2223
1,2 21,14 2224
2,3 21,14 2224
1,2 21,15 2225
2,3 21,15 2225
1,2 21,16 2226
2,3 21,16 2226
1,2 21,17 2227
2,3 21,17 2227
1,2 21,18 2228
2,3 21,18 2228
1,2 21,19 2229
2,3 21,19 2229
1,2 21,20 2230
2,3 21,20 2230
1,2 21,21 2231
2,3 21,21 2231
1,2 21,22 2232
2,3 21,22 2232
1,2 21,23 2233
2,3 21,23 2233
1,2 21,24 2234
2,3 21,24 2234
1,2 21,25 2235
2,3 21,25 2235
1,2 21,26 2236
2,3 21,26 2236
1,2 22,1 2237
2,3 22,1 2237
1,2 22,2 2238
2,3 22,2 2238
1,2 22,3 2239
2,3 22,3 2239
1,2 22,4 2240
2,3 22,4 2240
1,2 22,5 2241
2,3 22,5 2241
1,2 22,6 2242
2,3 22,6 2242
1,2 22,7 2243
2,3 22,7 2243
1,2 22,8 2244
2,3 22,8 2244
1,2 22,9 2245
2,3 22,9 2245
1,2 22,10 2246
2,3 22,10 2246
1,2 22,11 2247
2,3 22,11 2247
1,2 22,12 2248
2,3 22,12 2248
1,2 22,13 2249
2,3 22,13 2249
1,2 22,14 2250
2,3 22,14 2250
1,2 22,15 2251
2,3 22,15 2251
1,2 22,16 2252
2,3 22,16 2252
1,2 22,17 2253
2,3 22,17 2253
1,2 22,18 2254
2,3 22,18 2254
1,2 22,19 2255
2,3 22,19 2255
1,2 22,20 2256
2,3 22,20 2256
1,2 22,21 2257
2,3 22,21 2257
1,2 22,22 2258
2,3 22,22 2258
1,2 22,23 2259
2,3 22,23 2259
1,2 22,24 2260
2,3 22,24 2260
1,2 22,25 2261
2,3 22,25 2261
1,2 22,26 2262
2,3 22,26 2262
1,2 23,1 2263
2,3 23,1 2263
1,2 23,2 2264
2,3 23,2 2264
1,2 23,3 2265
2,3 23,3 2265
1,2 23,4 2266
2,3 23,4 2266
1,2 23,5 2267
2,3 23,5 2267
1,2 23,6 2268
2,3 23,6 2268
1,2 23,7 2269
2,3 23,7 2269
1,2 23,8 2270
2,3 23,8 2270
1,2 23,9 2271
2,3 23,9 2271
1,2 23,10 2272
2,3 23,10 2272
1,2 23,11 2273
2,3 23,11 2273
1,2 23,12 2274
2,3 23,12 2274
1,2 23,13 2275
2,3 23,13 2275
1,2 23,14 2276
2,3 23,14 2276
1,2 23,15 2277
2,3 23,15 2277
1,2 23,16 2278
2,3 23,16 2278
1,2 23,17 2279
2,3 23,17 2279
1,2 23,18 2280
2,3 23,18 2280
1,2 23,19 2281
2,3 23,19 2281
1,2 23,20 2282
2,3 23,20 2282
1,2 23,21 2283
2,3 23,21 2283
1,2 23,22 2284
2,3 23,22 2284
1,2 23,23 2285
2,3 23,23 2285
1,2 23,24 2286
2,3 23,24 2286
1,2 23,25 2287
2,3 23,25 2287
1,2 23,26 2288
2,3 23,26 2288
1,2 24,1 2289
2,3 24,1 2289
1,2 24,2 2290
2,3 24,2 2290
1,2 24,3 2291
2,3 24,3 2291
1,2 24,4 2292
2,3 24,4 2292
1,2 24,5 2293
2,3 24,5 2293
1,2 24,6 2294
2,3 24,6 2294
1,2 24,7 2295
2,3 24,7 2295
1,2 24,8 2296
2,3 24,8 2296
1,2 24,9 2297
2,3 24,9 2297
1,2 24,10 2298
2,3 24,10 2298
1,2 24,11 2299
2,3 24,11 2299
1,2 24,12 2300
2,3 24,12 2300
1,2 24,13 2301
2,3 24,13 2301
1,2 24,14 2302
2,3 24,14 2302
1,2 24,15 2303
2,3 24,15 2303
1,2 24,16 2304
2,3 24,16 2304
1,2 24,17 2305
2,3 24,17 2305
1,2 24,18 2306
2,3 24,18 2306
1,2 24,19 2307
2,3 24,19 2307
1,2 24,20 2308
2,3 24,20 2308
1,2 24,21 2309
2,3 24,21 2309
1,2 24,22 2310
2,3 24,22 2310
1,2 24,23 2311
2,3 24,23 2311
1,2 24,24 2312
2,3 24,24 2312
1,2 24,25 2313
2,3 24,25 2313
1,2 24,26 2314
2,3 24,26 2314
1,2 25,1 2315
2,3 25,1 2315
1,2 25,2 2316
2,3 25,2 2316
1,2 25,3 2317
2,3 25,3 2317
1,2 25,4 2318
2,3 25,4 2318
1,2 25,5 2319
2,3 25,5 2319
1,2 25,6 2320
2,3 25,6 2320
1,2 25,7 2321
2,3 25,7 2321
1,2 25,8 2322
2,3 25,8 2322
1,2 25,9 2323
2,3 25,9 2323
1,2 25,10 2324
2,3 25,10 2324
1,2 25,11 2325
2,3 25,11 2325
1,2 25,12 2326
2,3 25,12 2326
1,2 25,13 2327
2,3 25,13 2327
1,2 25,14 2328
2,3 25,14 2328
1,2 25,15 2329
2,3 25,15 2329
1,2 25,16 2330
2,3 25,16 2330
1,2 25,17 2331
2,3 25,17 2331
1,2 25,18 2332
2,3 25,18 2332
1,2 25,19 2333
2,3 25,19 2333
1,2 25,20 2334
2,3 25,20 2334
1,2 25,21 2335
2,3 25,21 2335
1,2 25,22 2336
2,3 25,22 2336
1,2 25,23 2337
2,3 25,23 2337
1,2 25,24 2338
2,3 25,24 2338
1,2 25,25 2339
2,3 25,25 2339
1,2 25,26 2340
2,3 25,26 2340
1,2 26,1 2341
2,3 26,1 2341
1,2 26,2 2342
2,3 26,2 2342
1,2 26,3 2343
2,3 26,3 2343
1,2 26,4 2344
2,3 26,4 2344
1,2 26,5 2345
2,3 26,5 2345
1,2 26,6 2346
2,3 26,6 2346
1,2 26,7 2347
2,3 26,7 2347
1,2 26,8 2348
2,3 26,8 2348
1,2 26,9 2349
2,3 26,9 2349
1,2 26,10 2350
2,3 26,10 2350
1,2 26,11 2351
2,3 26,11 2351
1,2 26,12 2352
2,3 26,12 2352
1,2 26,13 2353
2,3 26,13 2353
1,2 26,14 2354
2,3 26,14 2354
1,2 26,15 2355
2,3 26,15 2355
1,2 26,16 2356
2,3 26,16 2356
1,2 26,17 2357
2,3 26,17 2357
1,2 26,18 2358
2,3 26,18 2358
1,2 26,19 2359
2,3 26,19 2359
1,2 26,20 2360
2,3 26,20 2360
1,2 26,21 2361
2,3 26,21 2361
1,2 26,22 2362
2,3 26,22 2362
1,2 26,23 2363
2,3 26,23 2363
1,2 26,24 2364
2,3 26,24 2364
1,2 26,25 2365
2,3 26,25 2365
1,2 26,26 2366
2,3 26,26 2366
