0.314723686393179
0.405791937075619
-0.373013183706494
0.413375856139019
0.132359246225410
-0.402459595000590
-0.221501781132952
0.046881519204984
0.457506835434298
0.464888535199277
-0.342386918322452
0.470592781760616
0.457166948242946
-0.014624351277159
0.300280468888800
-0.358113661372785
-0.078238717373725
0.415735525189067
0.292207329559554
0.459492426392903
0.155740699156587
-0.464288321425810
0.349129305868777
0.433993247757551
0.178735154857773
0.257740130578333
0.243132468124916
-0.107772980465832
0.155477890177557
-0.328813312188438
0.206046088019609
-0.468167153622579
-0.223077015039110
-0.453828609368846
-0.402868218764152
0.323457828327293
0.194828622975817
-0.182900519939139
0.450222048838355
-0.465553919497091
-0.061255640343602
-0.118441542906992
0.265516788149002
0.295199901137063
-0.313127395445621
-0.010235604211769
-0.054413799289101
0.146313010111265
0.209364830858073
0.254686681982361
-0.223974923001422
0.179702676853675
0.155098003973841
-0.337388264805369
-0.381002318441623
-0.001635948017857
0.459743958516081
-0.159614273333867
0.085267750979777
-0.276188060508863
0.251267059305653
-0.244904884540731
0.005957051665142
0.199076722656686
0.390903252535799
0.459291425205444
0.047215529963803
-0.361375557171321
-0.350705994440943
-0.242491745876264
0.340717255983663
-0.245717821028469
0.314284826068816
-0.256475031275011
0.429263623187228
-0.150016234015191
-0.303404749568792
-0.248916142023969
0.116044676146639
-0.026711151097271
-0.148340492937003
0.330828627896291
0.085264091152724
0.049723608291140
0.417193663829810
-0.214160981179626
0.257200229110721
0.253729094278495
-0.119554153024643
0.067821640725221
-0.424145710436936
-0.446049881333393
0.030797553008973
0.279167230102011
0.434010684229183
-0.370093791526270
0.068823660872193
-0.030609358941794
-0.488097930498759
-0.162877355601118
-0.337817691806757
0.294284540683907
-0.188784957955195
0.028533135506213
-0.334351270500219
0.101981941401637
-0.237028715459856
0.154079098476782
0.189214503140008
0.248151592823709
-0.049458401497502
-0.416178622003067
-0.271023031283181
0.413337361501670
-0.347621981030777
0.325816977489547
0.038342435260057
0.496134716626885
-0.421824471246816
-0.057321730224554
-0.393347229819416
0.461898080855054
-0.495365775865933
0.274910464711502
0.317303220653433
0.368694705363510
-0.415564154489090
-0.100217350901104
-0.240129597149346
0.300068480224308
-0.068586172536455
0.410647594429523
-0.318152971697148
-0.236197083478010
-0.354461019615283
-0.363931441291336
0.369292207640089
0.079704587365570
0.049860201836332
-0.355045201776273
0.353031117721894
0.122055131485066
-0.149047619107729
0.013249539867053
-0.098191966248058
-0.424033308309158
-0.260083846446342
-0.376681065164834
-0.316092211717583
-0.260047474335097
-0.082732930915630
-0.450345569674258
0.402716109915281
0.444787189721646
-0.009135907531920
-0.010747361599981
-0.162280590178623
0.400053846417662
-0.130753218879785
-0.388797244706213
0.280252068321138
-0.110261163038747
-0.258308714086167
-0.096087854411885
-0.403545474831611
-0.368026707393665
0.442050590775485
0.456134540229802
0.075208595078466
-0.440220457052844
-0.265220086627594
-0.146841428777929
0.321194040197959
-0.484596562348445
-0.456976198342192
-0.331009970537296
0.149115474956452
0.231722385658670
0.147745963136307
-0.049076293569055
0.047008892286345
-0.203679194392227
0.244692807074156
-0.311044984967455
0.186775433365315
-0.316488844262730
-0.131515403509664
0.125618560729690
0.280227435151377
-0.418874231134215
0.429385970968730
0.275712678608402
-0.013208367596828
-0.064141411419081
-0.053216250570194
-0.193650527983443
0.008508655381127
0.010771564172110
0.317627708322262
0.294831416883453
0.144318130193692
-0.121390617339732
0.311580458282477
0.032825588799455
-0.149272896423117
0.439001561999887
0.375942811492984
0.050156342898422
0.122475086001227
0.087044704531417
-0.292257707266972
-0.198753669720509
-0.029076651482409
-0.269511839788442
0.344308792695389
-0.305235710432951
-0.274078219027601
-0.329291952852141
-0.272335702183446
-0.064301315896101
-0.188897713349587
0.423379642103244
-0.069792608670416
-0.315183679875864
0.404880968679893
0.479748378356085
-0.061130026873897
-0.388880776559401
-0.241935304087933
-0.091280153887448
0.094896074008614
-0.237788252219155
0.102843089382083
0.211215780433683
-0.278253265982760
-0.382582349144194
-0.203324126781673
-0.181221698074118
-0.075833240286193
0.007858284661118
-0.414484202909956
-0.237517765301667
0.301014622769739
-0.470779722437854
0.428854139478045
0.230330862855453
-0.011391026196421
0.078525061023439
-0.262716420228479
-0.041151171820069
0.463088539286913
0.046805718738968
0.021135830804001
-0.268405613291476
-0.011102256079833
0.124060088173690
0.179135540865748
-0.104484784331407
-0.132563351455523
0.487982003161633
-0.462261133760448
0.385168008202475
0.413286827639239
0.296183873585212
-0.401287721344426
-0.238128816129284
-0.164643160037203
0.179727951377338
-0.363446862644630
0.221227498581740
-0.393238138392759
0.153757348668560
-0.005826063360730
0.279051723231275
0.215037078400694
0.403720560556316
0.390922504330789
-0.165836947262504
0.198745832334794
-0.302190173314071
-0.469459053695363
0.244074260367462
0.000022435590201
-0.020077858853940
0.404722238067363
0.109866648422558
0.117666389588455
0.359442305646212
0.305489424529686
0.076721515614685
-0.317077530585086
-0.260067989431283
0.386511933076101
-0.471325847535894
-0.010098611487776
-0.332072854317743
0.478680649641159
0.212694471678914
0.000471624154843
-0.028911625458061
-0.440381132420361
0.181971904149063
-0.457568862499258
-0.428554535399358
0.021649842464284
-0.403269974219133
0.318148553859625
0.317547092079286
0.222439592366842
-0.350134557522033
0.159605252908307
0.018594942510538
0.472974554763863
0.148991492712356
0.300330575352401
-0.046202291273081
-0.067608496216538
0.325313795402046
-0.416530185141086
-0.366828992392838
-0.326611386880994
-0.109062197676264
0.331379742839070
0.303364391602440
-0.439528820830106
-0.100742229386424
0.026875830508296
-0.083200532069213
0.156859890973707
0.127973359190104
-0.208015920038285
-0.068348829751280
-0.484512874363981
0.484063724379154
-0.332831590085344
-0.393783655071336
-0.127590259944463
-0.301881597457025
-0.010312361983976
-0.160506586609242
0.451630464777727
0.420332039836564
-0.447323002319207
0.237858095516997
-0.230880573601444
-0.077164384991192
0.047870901214845
0.442736984276934
-0.082255895683338
0.483052466469856
-0.198545051287935
0.201098755900926
0.166338851584426
0.039126465042857
0.198105520180308
0.166527913402587
-0.321867545599662
-0.371985600279827
0.499080394761361
-0.328878933643568
-0.467399179469472
0.061199792709660
0.381866500451810
0.169175304534394
-0.309566732820046
-0.131083453936105
-0.039274062739588
0.481637950970750
-0.343595047773437
0.355522805845911
0.144764536870088
-0.123727789721168
-0.309076304763697
-0.071747007020614
-0.017977938968144
-0.379388386702838
0.089507484695059
-0.273812320247324
-0.115380875630589
0.082986382747674
-0.248193877527687
-0.209559335723021
0.117090884393223
-0.234719090189971
0.324376266688835
0.482663399721950
0.230248792267598
-0.156122995885017
0.084069333278452
-0.392230984756257
0.406308150649733
0.379653724481905
0.317760559370642
-0.239272000944535
0.094356250664331
-0.477487407259768
-0.074740679785865
-0.187281113179384
-0.338515255688250
-0.321233813247632
-0.077114310899915
-0.405770661112265
0.098523668756741
-0.029075743641666
0.195949313301608
0.199887849928292
0.138530758271838
-0.466396163933571
-0.431193900881949
-0.180400264819504
0.030864280694127
0.154445707757066
-0.092380802958847
0.319981222781941
0.218358943205884
0.468649330231094
0.031333906565674
-0.174854318179440
-0.394370796670978
0.110958658746201
0.278802241824093
-0.076547081037262
-0.409176714212561
-0.233528509220928
-0.346343282408693
-0.218994697466129
-0.059914860998279
0.027142741760652
-0.042575634312326
0.375371598604185
0.018052108361104
0.443622624548388
0.137709098072174
0.457693939841583
-0.259292964519840
0.176122303863752
-0.210935428325523
0.171808165414215
0.195140499551737
-0.432007231529989
-0.245209843402995
-0.275959969175781
0.167832727013717
0.344392156527205
-0.155537588698958
0.280519652731358
0.175332065747000
-0.493284685681523
0.102170487581795
-0.113228805479015
0.415991244131425
-0.498848942870893
-0.037550840757671
-0.075650960184625
-0.039083633971036
0.270159728608609
-0.177528192813221
0.284739294760742
-0.028642846289388
-0.464237266730882
-0.324125584316469
0.221758033391102
-0.026514007034680
-0.347278799561768
-0.158875392950891
0.107389213768347
-0.308254744538202
0.238426839976942
-0.257150401681831
0.417424342049382
-0.230938413313982
0.265500016621438
-0.311338023208509
-0.212501826933869
-0.408886536313465
0.076209380663007
0.183363243294653
0.046593114590323
-0.074271158128812
0.144442781431336
0.147617630172684
0.179016754093202
0.135786710514084
0.445174113109401
-0.291065077573977
0.209281702710545
-0.263769423006203
-0.380603752202694
0.107303940685635
-0.049862303034104
-0.041274506351132
0.161944751905652
0.270285514803660
-0.149781986558895
0.162009598359135
-0.083841410030204
0.341929152691309
0.332916819075216
-0.243559007770853
0.113460736812875
0.082249164527227
0.040739337124410
0.369941032358007
-0.235220973524370
-0.181925924518941
-0.380785458945809
0.439829470344921
0.145551874972524
-0.020536775051112
0.139316961040108
0.044716110526763
0.147311480293128
0.043885933999639
0.221046620579811
0.022495305777102
0.493704624120852
-0.281323367600366
-0.394201726749772
-0.390302535476806
-0.436408629024894
-0.095420004142374
-0.051627087933505
-0.134183823161829
0.263504640848813
0.127896379614169
0.271980385554245
0.432853570278820
0.472740854003014
-0.307971650572225
-0.361125797170845
0.196266337082995
-0.406179973225134
0.025404403859336
0.030344218392863
0.361139811393332
-0.015146666447898
-0.106543638784734
0.171431139674026
0.241257943454206
0.020052467390387
-0.152287328722475
-0.350002746168317
0.086092067231462
-0.237854682272193
-0.455545907721762
0.254933267231179
-0.257214642179038
-0.057597686998057
0.187796085120107
-0.140771789598139
0.236340074301202
-0.105292524721237
0.183415866967978
0.204047430334266
-0.057694586616629
-0.480422376446681
-0.169142119785929
-0.075690503166863
-0.229729576567935
-0.302946201904544
0.321721184961310
-0.070078590616734
0.387770954256354
-0.108817004538837
0.269114387388296
-0.103208482986383
0.308514095887345
0.255077099007084
-0.122604455164897
-0.283981084038606
0.290407217966913
0.449303911849797
-0.172434565924795
0.171264370451740
-0.061355017413044
0.333500595588975
0.268854252429615
-0.332746454505278
0.361980478702072
0.489872153631504
0.014423456505704
0.384281023126955
0.088026055308497
-0.345247651343955
-0.300137177142548
-0.093045162861093
0.248705718215691
0.325583815786156
0.289963029944531
-0.181475754601008
0.034064127370726
-0.410049321229419
-0.388294255806797
-0.363707451061701
0.178652304800188
-0.004822980910339
-0.310289593982420
-0.004994175009779
-0.352391778023311
-0.445025853093812
0.350712674289007
0.060559527354885
0.429608866756663
0.196667200555228
0.082790965175840
0.315397211477421
0.379013904597178
0.488911616079589
-0.499477624643055
0.365438591013025
0.112566469483999
0.489950205708831
0.027680069338442
-0.020476614789781
0.301347605521952
-0.272157064293958
-0.001905708803610
0.400852488532005
0.074661219130188
0.345178185054037
0.238640291995402
0.085987035826476
-0.253265474014025
0.166416217319468
-0.416517186397377
0.125959785171583
0.160944557947342
0.229751855317221
0.390752116325322
0.482303222883606
0.269029085335896
0.081446487875398
0.428313062314188
0.080090365758442
-0.483017061662739
-0.379140428901442
0.362710718699670
-0.015703488787898
0.344855674576263
-0.290594915979065
0.052291341538775
0.129883385064421
-0.468008984237433
0.114713419117141
-0.137588537726947
-0.450467420957939
-0.010430010822678
-0.307489603937925
-0.376916252454055
-0.294505829092320
-0.353485089385110
-0.310927825527386
-0.457347589088857
0.135197916859882
-0.218133144119570
0.038596678045340
0.195163039444332
-0.000883986517411
0.035801055751113
-0.054816834703958
-0.376067722401930
-0.009642706531982
0.352998155340816
0.373927405861733
-0.229705667707302
-0.291538641248686
0.064979570738201
0.140311825162758
-0.082971048357114
-0.294024484467757
0.447933121293169
-0.417928792902274
-0.394290573418279
-0.357958878096002
-0.333539559123579
0.120958643935308
0.073709764841198
-0.447922109714130
0.431201384608250
0.228661681678271
0.237841653797590
-0.436595499307182
0.360440563038232
0.434405118961213
0.484398312240972
0.358938816683866
0.285558989265031
0.013377418587575
-0.322397539494135
-0.101410503264157
-0.366068749012029
-0.469110451255048
0.439141706069548
-0.198693935413608
-0.204466165524644
-0.167063718163825
-0.032931812971148
0.148198406466157
-0.474771818506964
0.342206612419334
0.059032544988695
0.354099949273443
-0.152120805672739
-0.053973351944897
-0.445760515558870
-0.322892466210891
0.162808061960974
-0.169171004796695
0.398486137834300
-0.381844801553289
0.488417928784981
0.039982099037929
0.206917419322763
0.499491620097705
-0.212150655184863
-0.085477461106892
-0.035160058374863
0.263957078491957
0.318204038907671
-0.399778459804508
-0.321883046113234
-0.140365086517920
-0.443295310931709
0.021885673661279
-0.164151025323075
-0.324330970324339
-0.291053326006865
0.405153559004464
0.175391177336247
-0.031531800096003
0.412132474239623
-0.395988425220622
0.245546073701717
0.236267455596639
0.061861425281637
-0.315805902484473
0.097211350337855
-0.200063009910211
-0.365877067171318
-0.287398466641157
0.394941675440814
-0.428547187212955
-0.257513441063281
-0.446245607791286
-0.058277942935576
-0.486716799532747
0.397191350973572
-0.303341808632368
-0.406629483244907
-0.192633100412080
-0.043942333156259
-0.398330606375245
0.495389727655092
-0.167907166547501
-0.202653184112078
-0.437954778680367
-0.201756028112236
-0.453648735101819
0.005428142457703
0.261425886690113
0.131069999213594
-0.410108349223908
-0.419137576869686
0.277240536548943
0.405134744223571
0.033771951767000
-0.390845787957541
0.325808857855598
-0.161902281197828
-0.206026946973516
0.246313427703679
-0.489663381656604
-0.451552660746778
0.167916121573624
0.103467983830769
0.026102465795561
0.229709448223228
0.207253485315422
0.281377051799277
-0.212023024385829
0.192531986386519
0.056669834964013
-0.103479207418407
-0.438409332946035
0.280175531491174
-0.162416135947955
0.107865907262946
0.241254049502218
-0.395186758026500
-0.372111620217005
0.049540107015198
-0.014770591415041
0.390475679184438
0.298960278812879
0.234341083695970
-0.448668113887629
-0.427114700901024
-0.411472540325280
0.298350864113952
0.443008139570703
0.183715572408358
-0.367917044286437
0.222724539656766
-0.389646519357651
-0.382507147848167
0.140717922965926
-0.171185785243197
0.153812022595774
0.249131463103519
0.083185731454876
0.240032327987778
-0.265173085252096
0.234957541696052
0.470598525086614
0.366930291751916
-0.413765470136504
-0.133563383680801
-0.130801195669982
0.185028472661609
0.097941635383889
0.289363943641905
-0.132347081562123
-0.293972140494805
-0.413333452604468
0.271933917099107
-0.294325478535240
-0.111728368952198
0.051778531957227
-0.271046747976900
0.141940620399187
-0.015519627601820
-0.348154474883733
0.281931966588002
-0.399393677637578
-0.205933666241372
-0.262626980294421
0.030872257027928
-0.408501268660588
-0.094684580119409
-0.395153752884243
-0.387716037843973
0.284427890743913
-0.208429682093069
0.103533438750887
0.464422667215901
-0.067515006029639
0.194752194617940
0.258099275289454
-0.067357673852899
0.155498039803537
-0.390244949276948
0.433759848385332
-0.312539193578314
-0.233821161092361
0.297830260211597
-0.012396224566076
0.268958264058869
-0.103993254782125
-0.227061205876309
-0.462765365929672
0.173294914108653
-0.070435540748147
-0.048260765095264
0.109857169290216
-0.440596703141723
-0.184188561661134
0.272722130862935
0.196432989006095
-0.374667818890820
-0.369848549610576
-0.407647661280798
-0.492179706430665
-0.076890614835833
0.155573174937914
0.222922524692024
0.031209293582439
-0.391182061726955
0.131766373528489
-0.373500134670697
-0.365696695686425
-0.401405907289002
-0.357972751568072
-0.331748701508472
-0.303751077743045
-0.182520224850565
-0.183571000853709
-0.282436690577179
-0.248958153984264
0.392922405285977
0.203223224556291
0.055737942719387
-0.315566332242347
-0.287969157467679
-0.422653191887323
0.413800410779568
0.206715217696931
0.057788966754876
-0.186571010063409
-0.333796437097849
0.122497259279895
0.487934734952495
-0.329567976943117
-0.242207749427987
-0.103200681366856
-0.426005230423062
0.184096066962009
-0.097611667303838
0.482835201393951
-0.097816014777515
0.120671947199578
-0.345630194520728
-0.118654795555528
-0.338866028150639
0.258112431327419
0.371111121915389
-0.149223255114107
0.185535708747537
-0.205851366232150
0.030629303856886
0.332423386285184
0.097490191872579
-0.164688669294754
-0.200774976666893
-0.047407458430676
-0.077354346779538
-0.140393682027764
0.058319199869297
0.242545365701939
-0.075665216374309
-0.070644211423795
-0.375127241280187
-0.475565983949626
-0.209814734869273
-0.182479417100774
0.153690133966475
0.456935924070684
0.435730872784880
-0.042113666145633
-0.259521603167915
0.263897944286478
0.259327383131096
0.240648064978614
0.243688341487326
-0.394079583267235
0.181560430470316
-0.036739421406281
-0.287836794745066
-0.401481262311892
0.323574473927839
-0.324990262617920
-0.336430090215007
0.165987216411111
0.394389375354243
0.016558208351270
0.202702306950475
-0.346409623380600
0.453457069886248
0.040884081241476
0.179733898210467
-0.463436981951547
0.309203851293793
0.248618871776197
-0.379812982012919
0.025045164762609
-0.174166371236751
0.046449439903068
-0.101119247616801
-0.084906613386953
-0.319262239745206
-0.244613259511949
-0.479464225341815
0.423675612620407
0.153699889008253
0.432613572048564
-0.336487631472474
0.421097255892197
0.294657885388753
0.077394196706649
-0.059964404239746
-0.242386263287562
0.251946393867450
-0.271330517894499
-0.435812912608101
0.267329510776574
0.171202185356536
0.215212514785840
0.142060828433852
-0.080951706375117
-0.109237917795825
0.316140102875323
-0.182572136344150
0.314539772900651
0.289073514938958
0.352263890343846
0.005636617571756
0.135661388861377
0.450894415378135
-0.056035844981190
-0.439981180220524
0.366749896999319
0.131188734269011
-0.144926348121151
0.497003271606648
-0.275828501016873
0.152451072968615
0.104990641908259
-0.112754568516865
-0.357812840709496
-0.474865014289797
-0.078887746234759
-0.315899710572489
0.225775267469453
-0.129637313484802
0.341560087468206
0.234229691193313
0.071025872824379
-0.323144942374697
0.457384022595723
-0.234677963807080
0.424580895239601
-0.276229595302959
-0.126436192357355
-0.412499650423414
0.140116548246715
-0.319383112246892
-0.454948892526426
0.223173479183095
-0.152562354418210
0.160616824502904
-0.116131398928029
0.127346502443467
-0.478350185369694
0.410569988523029
0.300558656278811
0.245847484342721
0.313112813610761
-0.116693681374471
0.117279232316449
0.075494859702814
0.030051704765016
-0.224930244178065
-0.251371040338030
-0.048361229548027
-0.272287173973452
0.304449583613070
0.486104241895970
-0.470008049730610
0.035664190667238
-0.412922780099108
0.302091440555804
0.489144909700340
-0.433053741602250
0.439398361884535
-0.481822466363304
0.183838613746355
0.283736480083219
0.034137567882728
0.385359450931142
0.399004898906140
0.125937626080496
-0.362131007587442
-0.282198406287875
-0.317858924109566
-0.458180136027046
-0.393058341449793
0.116443485085685
0.439661010161067
-0.145544269032671
-0.089370909940486
0.484349416984452
0.445579189035263
0.176644678433539
0.488302262313286
0.266831387216594
-0.163300735608524
0.162381860399481
-0.255834713209721
-0.204492749168403
0.180178371230502
0.027846830418798
-0.088406486592465
0.102638218036397
0.250520055923736
0.083533174261959
0.051792514935967
0.083570618757714
0.011819919958475
-0.417407273001301
0.219570134859490
0.496156111296869
-0.145465695043078
0.471258815183406
-0.153551238699640
0.386543861760306
-0.045305135008092
-0.086572710979185
-0.282267931642700
-0.374345412637374
-0.191085406433185
0.226104431664832
0.282872072979123
0.193787614986897
-0.490197747736938
0.343213338010510
0.422331997796276
0.270954220673925
-0.457340144064951
-0.121813862949781
0.204339624483368
0.229513045504647
-0.275722929335486
-0.230945268226635
0.173031165004119
-0.022507802273139
0.123716412667442
-0.263555067359090
-0.322876245501683
0.329643385697585
0.266921667935265
0.434478273118270
-0.392111094915636
-0.317772494398944
-0.400904717577542
-0.010236198076553
-0.306754669531130
0.395891573792568
-0.400910350318185
-0.455834428237339
0.057295155804762
0.272495067187624
-0.188059942503731
-0.321017520685665
-0.161044321752282
-0.289854362956448
0.010152519765250
0.406364323265215
0.128923938652318
-0.398466111187688
-0.109145247273645
-0.445383384776342
0.001282913203215
-0.068278828115753
0.497560349512189
0.311602580995323
-0.014348330101982
0.394447755567393
-0.362453405232935
-0.109995085554715
0.427356224998125
0.417493832416117
0.213574011594316
0.118337383621940
-0.156712109758655
0.436027326689770
-0.375225959339507
0.230585361505707
0.146477432425814
0.333151985669295
-0.101717771781225
0.249822209360636
0.335220510478131
-0.177539602637741
0.052261616858355
0.479129132433892
0.049308533018303
-0.169576390393397
0.119471555177780
-0.139363428997797
0.256509543501944
-0.086099251309810
-0.007654895615062
0.194743233132610
0.472733885079784
-0.172245039506593
0.337803183078576
0.239072227273528
0.454174456379543
-0.468077370496022
-0.143131013817458
0.162653834287214
-0.218498440851509
-0.269616932682536
0.211128551180325
0.124572916993309
0.090608652919636
0.160437966312602
-0.452445326886134
-0.151215191489941
-0.048659419644257
-0.259095002879889
0.215045013296177
0.356182292006288
-0.218492304881447
0.231050829723741
-0.362237107480484
0.336722781749717
-0.361398284257640
0.088209385389494
-0.133843199545062
0.306759544661106
0.003780785776156
-0.010405661276646
0.377048723385044
-0.146858187061044
-0.050556443428252
0.463530286843427
-0.457702202085457
0.472958334140635
-0.310793156877624
0.167120300040075
0.086439614678918
0.175112416405115
-0.138977950805339
0.120278427071085
0.311150885100285
-0.480742522585859
-0.416126491717100
0.474801667184890
0.151349532415353
-0.268762183835648
-0.096508856875410
-0.377979481747870
-0.231561178602717
-0.242153829887395
-0.168334761257371
-0.347765987137054
-0.151992340283887
-0.378341545692274
0.384153057749660
-0.405721609935854
0.430040626107489
-0.100980030965445
-0.452598537970849
-0.157626496839260
0.235966158880164
0.294682157333805
0.044905898244672
0.186223462984041
0.393632695933602
-0.445208210080268
-0.196338620282984
-0.453808443668452
-0.304523236366202
0.220165802516526
0.221753273499297
0.377799071151527
0.082432964487410
-0.429315664613350
0.422744570189092
0.300372092351107
-0.214053143579637
0.043663232841362
0.484776236970610
0.215678067126622
0.338969597330000
-0.066739438992052
-0.029375284393459
0.060713411044556
-0.230908456469002
0.249018467641946
0.003887773460489
0.146809666272780
-0.192254417969059
-0.361275363921855
-0.024427066202437
-0.137540719181254
0.288113428398547
0.280295820844110
0.168512214253545
-0.366496140338688
-0.478444112796503
0.059840705872510
-0.199180981930511
0.439409713873458
0.480903636046859
-0.213379611105741
0.300820286951535
0.396111351432604
0.097526576817830
0.384016735723820
0.443731541195791
0.049158087419903
0.228386824594357
0.076758297858010
-0.474142528916860
-0.053469021715186
0.146301957350656
0.021202952672418
-0.127687339220488
0.437134666341562
0.329532824526515
0.349085479954455
-0.127465760100461
0.093184575218490
0.372552564647559
0.433501608507105
0.168464274361376
-0.293223542064895
0.153850592062588
-0.427948448779350
-0.093273084910636
0.166931533207499
0.433725659545930
0.310950032238265
-0.015451728165010
0.256749210065512
-0.082952546257233
0.471785992989294
0.487974701230832
0.364147529031203
-0.111116224087571
-0.045258171960888
-0.253312802361921
0.284423093024177
0.382837605583052
0.413711681293018
0.058284923622275
0.098868102746205
-0.351123279662451
0.399713484535739
-0.049606419347884
-0.294327660536037
0.399650990509081
0.262585539373227
0.382486307400298
-0.215049781975179
0.173225986452258
0.164279904418051
-0.377185006100474
-0.092681576943187
-0.224713048684310
0.216669740639142
-0.216615618371064
0.396198856849495
0.326578892313560
-0.109973487186002
-0.002097057035813
0.194805192672494
0.334369001099938
0.109629689675732
0.074737160856408
-0.173957829077209
-0.043575399148253
0.213795583233135
0.384405045275995
0.220855670816931
-0.481387225273614
0.174776467128286
-0.061491175763487
-0.062179820833730
-0.382963180494342
0.314681689518582
-0.175144561369491
-0.253771885765359
-0.157286778876720
-0.124307859990412
0.046553793082959
0.061920154265977
-0.104177771375999
-0.101869120468664
0.015367219211572
0.157530542095911
0.450915198264959
0.222348514327498
-0.099920254637662
0.331871339329810
-0.365661658271292
-0.439533228060172
-0.415752947685340
-0.336101681670292
-0.175780079705951
-0.198273222795353
-0.488319008869660
0.039905093849625
-0.404627307372178
-0.353485143557769
0.131141207014955
0.359320411428785
0.474221631238713
0.070838427472183
0.496850214574949
0.053541573495533
0.015458454840326
-0.169317934009733
-0.069998201606604
-0.008193746396255
-0.428962916087047
0.387739215532716
-0.435366408949132
-0.063815044268552
0.326629506618892
-0.105465315766966
0.113474881705262
0.318640735082209
0.386235039062606
0.431111627487221
-0.309215351990878
-0.241417748581228
0.397865684840299
0.093361860386109
0.003840081846848
0.112809588835559
0.319422242231876
0.031889169492926
-0.297924903451568
-0.046106534319478
-0.072089080179829
0.466052749611999
0.120055054133474
0.195389951918004
0.220164612017979
-0.153104809712386
0.016990420525310
0.056694632012102
-0.343504780885955
0.062056045561775
0.194803289108456
-0.073544464289763
0.336270420676314
0.231387066161933
-0.139968957914228
-0.045787628146601
-0.113610101407828
0.275554642250536
0.234271105685939
-0.069722154925844
0.193752574133913
0.445213487168460
0.284232598231741
0.205571858131069
-0.390665760475654
-0.110069342843515
0.090904730405336
-0.040619952033675
-0.449660013261046
-0.271312415979779
0.334189061056899
-0.484355307303473
0.363710865055866
-0.421930946967566
0.169042590081555
0.000211324281102
-0.282006201249846
0.071615725404089
-0.377810849076580
0.171166232988653
0.099585548122814
-0.444023842612210
-0.443656981456643
-0.347499362997530
-0.480378933234416
-0.064824454303048
0.332221475282818
0.117390171454084
0.020129415310742
0.363868222933611
-0.402302081838557
0.408052203186769
-0.391983305863241
0.016996758096945
-0.356843977916424
0.059370572403004
-0.495420376052677
0.266681998621487
0.348709226458282
0.416821270253738
0.486968274783658
0.005133101798823
-0.228578375582485
-0.399249488078764
0.007848830829537
0.085609125701878
0.262887095910741
-0.417037350889456
0.161596193082714
0.016979014706213
-0.328951982474553
0.438557864331842
0.090483177142572
-0.059365319239160
0.441918930311283
0.155913820257141
-0.048054290739614
0.339697420719669
0.032623502474346
0.053887065791275
0.180065530083361
-0.132810094682633
-0.260709393806455
0.078923492459094
0.366887054672508
-0.093223239784774
-0.387384858974953
-0.056154163273043
-0.199815598786100
-0.098613146185507
0.333363563453134
-0.096371337226393
-0.109824061869393
-0.139551106621055
-0.359744640730556
-0.239869805887560
-0.413184899134166
-0.070602662914195
-0.242717215230140
-0.202444615848882
-0.075141588295374
-0.380792740578713
-0.004933076199541
0.206407227537560
-0.256426627319049
0.285070081934006
-0.425910423139073
-0.106116573018303
-0.496605877035693
-0.279323108066976
-0.498699431299404
-0.310820329005265
-0.357515945179029
-0.231924000876624
-0.325107934664217
-0.361351028407405
0.098885610367865
0.401057905682726
0.439379765884238
-0.278815544060922
-0.017328624603586
-0.123988884075245
0.023780036965870
-0.235127406451410
-0.431642779529171
-0.063672922519897
-0.326146962634999
-0.473892891845095
0.454678274080449
-0.069403480140583
0.461558573103663
0.262414484002993
-0.492651338897153
0.180038640460139
0.205950754248883
0.145128786607382
0.052309844507730
-0.281891270216720
0.272366213613043
-0.271971676399550
-0.129135281026595
0.390928821025695
0.356376907728261
-0.097566450186556
-0.181980882503265
0.108635430634990
0.410195226694482
0.409098187800882
0.091594408907438
-0.167428592664449
0.353063629209919
-0.057602106958835
0.404355478217944
-0.466820594047873
0.032426482500133
0.216497346504382
-0.320698156178211
-0.163467074198937
-0.312287051424733
-0.178072816817076
-0.096143288769793
0.048566299856964
-0.451261407217733
0.052732133178943
-0.225188595162499
-0.258498258265888
-0.256854820593449
-0.345840550829926
0.456416361008024
0.435661375516600
0.318714437208244
0.228261847822834
-0.324188271724470
-0.139629022957546
-0.311210027358395
-0.498801603159957
-0.183580486267457
0.199616986397056
0.125255180179040
0.043062175343852
-0.060962796612331
-0.212572732517457
0.001659106746690
0.261546185669647
0.262408048788714
0.076055901496557
0.247662837641716
0.145534505981322
-0.376780481675494
0.004397860092767
-0.152738687278366
-0.407852315194896
-0.352150531967481
-0.301830298933598
0.172270237457429
-0.068488817098109
0.194403909684554
-0.243215436729852
-0.490241350114840
0.032283071060889
-0.220608034747035
0.446230153519927
0.406443266510002
-0.107315424025888
-0.475144766155128
0.171436796572460
0.337170635377055
0.471499638311263
-0.443067114564752
-0.049676187266547
0.082470301736287
0.186637814496303
0.219432752595998
0.150040751925391
0.226914550912652
-0.126152334160018
0.081582083212866
-0.383881487220600
-0.442345638785128
0.479765223975987
-0.215176273139382
0.094974298809596
0.462161031011260
-0.314221736591422
-0.306960184022973
-0.158355895354858
0.432897895818080
-0.109332463382404
-0.226783292000037
-0.348052920153156
-0.102891157256548
-0.125277533048757
-0.368885292956995
-0.064959282104373
-0.408486832787389
0.114626958012946
-0.489020907709188
0.073260383263372
0.289729858025762
-0.264633226849131
-0.051980286535949
0.069358183284932
-0.438598557709153
-0.003711114360115
0.142315234585298
-0.278734269872895
0.337056445531881
0.471075231442514
0.346372887693173
0.005999455890548
-0.221124388854769
0.246617221828201
-0.263069615887130
0.457345281619123
0.120260036077771
0.100262145507628
-0.327395498352331
-0.409653261856775
-0.244737797356411
0.358570531259210
0.411067053397794
0.199633767225763
0.225182355023387
-0.270113921142504
0.076053456321354
0.310628105007939
-0.096156631615934
0.488439267199745
-0.410001185013112
-0.179058967352239
0.011408938819178
-0.439393633431758
0.225687923545844
0.056555748561992
0.029359902481257
0.329982432033195
0.358759034071804
0.289028923313949
-0.182166946273772
-0.047792546237018
0.252227970049942
-0.390138294249314
-0.390257631406096
-0.230116336295599
0.024637345396311
0.472651076977497
0.210408685278169
-0.188140054852467
-0.208542872352273
0.350357337374621
0.411647424007853
0.139276147276064
-0.244629702055557
-0.411334159967717
0.338255587537226
0.084718619263320
0.448108735396022
-0.438971070807491
0.084641303355111
-0.214891914341358
0.327732173448263
-0.309013559302602
-0.057470037797116
-0.106588493632424
0.326573979042765
0.176871093438419
-0.292396965620019
-0.181895273849737
-0.366189014643874
0.171462889478031
0.070991075462406
-0.330232933973512
-0.352344222848263
-0.023920281732544
0.408102416506950
0.052175026715835
-0.467060107250123
-0.446137073564444
0.305063228558902
-0.048625145296552
-0.117353770440041
0.289643703689691
-0.135713130500206
0.032349934998910
0.211656705981267
0.371476517995847
-0.171310388327771
0.150118025397777
0.474836148002758
-0.424032638705864
0.087019167082772
-0.086113502226640
-0.190863573533733
-0.236165958473205
0.258766265080204
0.495215981129752
-0.313428555858631
0.281145268534765
-0.304202018973268
0.492358973179927
0.302261569764289
-0.075773290096694
0.228863868051374
-0.001646417476448
0.308990267199045
-0.143491066518954
-0.426756565510193
0.090991455274849
0.410187830728141
-0.306234063833390
-0.067632208465602
0.249159729068009
-0.460815513352417
0.446324989805483
0.263673323663761
0.058820550509560
-0.316157055534225
-0.002051184981053
0.017845600234051
0.494243010644050
0.354851683090675
0.462403939711971
0.178941008977033
-0.096498611195639
0.434979086178052
-0.020515454367518
-0.268208388336883
-0.103709751490225
0.205077475112789
0.058559034560550
0.256630700894368
0.495481058555258
0.462431404366634
0.035067105256157
0.463870129971715
-0.384374120818741
-0.448551706769795
-0.195651054363427
0.080191833142712
0.030964452338281
0.401208092653144
0.040550425170244
-0.068019389143317
0.042666987436342
0.212414805789522
-0.483325287059768
0.300920882057848
-0.357490675076209
-0.021525527097137
-0.243164645820366
-0.130908311175139
0.161764913365414
-0.330391186545686
-0.221215979560981
-0.301778205486161
-0.304928466715739
-0.173160351650024
0.380337860379200
-0.028898134984252
-0.096030627829059
-0.320768523576553
0.468924996147292
-0.092544262197380
0.344487396483448
0.115325097130849
-0.123388921967263
0.377181749337097
0.284852427283024
-0.035045716685466
0.313976926820934
0.398444137180120
-0.070761456885173
-0.165670580377780
0.096647104445246
0.401990808706562
0.202066449359676
-0.122544897929135
0.234955925430014
0.454102786471214
0.042813113103551
0.040105832359366
-0.188890360395998
-0.428765428075416
-0.318019532830979
-0.407011073129322
-0.036510752237757
-0.490667487972231
0.415025911735790
0.142741739133104
-0.498580941797597
-0.469614727505082
-0.291529776694680
-0.045033854997903
-0.372733966674867
-0.491352312121910
0.227079601148527
-0.145883533943414
0.280445946096025
-0.063343358364709
-0.063445217627732
-0.450786819643514
-0.450368098480610
-0.408899824586946
0.094037031444121
-0.258915944830978
0.341369101972144
0.357212764090606
0.463612200951355
-0.011100213839396
-0.279689899431367
-0.273791359158714
0.036787804512826
0.262109709211147
-0.152432849551241
-0.038768240608501
0.139323762199356
0.417336040866845
-0.338427426109669
0.215635404167474
0.077738876192409
-0.066701022790881
0.384242782631094
-0.106948244623087
-0.321024847372268
0.133333580320122
0.124000554312344
-0.172058403026751
0.302965315958237
0.499477858635892
0.480978160932146
-0.372963057805143
-0.267759854038207
-0.476367533341775
0.107432610401855
-0.389190678712850
-0.092540492121601
0.384076806661962
0.048132777476588
-0.130996923288383
-0.291654017186653
-0.059056723475676
0.456196152175878
-0.375974083351957
-0.029236754133043
0.356896327782193
-0.456609528433047
0.191625145201306
0.478985466675039
-0.216732101507863
-0.366219500005577
0.185279684412687
0.409454555749395
0.110868982383243
0.399982796432861
-0.306566248060908
0.254424581488250
-0.153739283335225
-0.081374585697287
-0.344280169645108
0.319000583926841
0.124923527846277
0.238560421610648
0.305112420706954
-0.432777342436821
0.450790316505566
-0.002422988977839
0.255145904700522
0.242405070676942
0.331129575710113
-0.343498153249798
-0.042691279448591
0.118100496094381
0.432183355047051
0.335088235559351
0.395423516342350
0.082518524668030
0.082746806361791
0.354925938969955
-0.465134299952069
0.385420095484803
-0.092269188644018
-0.463617969552168
0.246147942737720
-0.345171229248894
-0.356091671325132
0.105959053323747
-0.245519155948632
-0.175845794994178
-0.098209082153001
-0.093626678598873
-0.113808861439088
0.109801823837955
-0.333109277333754
-0.311907926804752
-0.405371130137835
-0.176813727238736
0.269596929272335
-0.265881997541002
0.240365469624262
0.192818413831729
0.324078213366380
0.327977549139487
-0.206632065991608
-0.190630757577251
0.023029798441993
-0.174701007505574
0.331842510486068
0.310294790743841
0.056998261278609
-0.237035966269843
0.180566202304450
-0.266346854557615
-0.043574635386888
-0.115433105488476
0.038601438698022
0.491703720961955
0.255220401677830
0.480454849430374
-0.265217359337152
0.028559088552665
-0.448563946433092
0.256875470984622
0.101979766275510
0.357168709122209
0.488277139258114
0.429484472425617
-0.090485066561185
-0.499658537781861
0.040878322763043
-0.292269378003941
-0.280716411817570
-0.174193737265778
-0.404050583392416
0.247533661738303
0.248508957393292
0.043299433085109
-0.161867683475947
0.332333661620528
0.052572178025957
0.457543116962021
0.392833319318002
-0.143496382872996
0.046401892991887
-0.153318248745051
0.122802790659130
0.296624685308396
0.245874901540650
-0.374463768645180
0.322394006759020
-0.474849498571498
-0.085571119075968
0.231407467972937
0.281374000275963
-0.132714084868631
0.244867856241673
0.392267188231107
-0.257396613720330
-0.370403024162460
-0.274932117872087
-0.149986080999234
-0.212915386853824
0.427488007179428
-0.448686243183204
0.092666755206387
-0.337101099782268
0.338405769673030
-0.332439069788729
0.002200615409473
0.499329479025719
-0.144592848732119
-0.452922290451166
-0.286339414879201
-0.102160875897295
-0.166331819619705
-0.270397468031802
0.436120177502068
0.183188784699983
0.462113795722863
-0.062026822367202
0.440336654420907
-0.494165675427629
0.110307030069875
0.301075756966120
-0.267018466586352
0.432468675920979
0.263262775333742
0.326449539702682
0.073463588604866
0.292581664120226
-0.170958804160752
-0.276538023874148
-0.187613657980746
0.084523478528556
0.329914141021523
-0.209537508452732
-0.097445607936878
0.362057298433146
0.114739550216400
0.491187788329793
-0.296301124814378
0.327209084946655
0.175861618952774
-0.251050529960192
-0.024214373430467
-0.100924773273208
0.099438249091412
0.300522765803851
-0.394931228708829
0.321442194126392
0.341086330045423
-0.145493755599561
-0.069930537384167
0.072239218412685
0.200824730771237
0.242469756987280
0.257884150620785
-0.110871236430773
-0.070697515000163
0.456344657500659
0.072971367270484
0.349722054218674
-0.223654683701777
0.122323615152450
0.088361684613539
0.463468465806992
-0.414097305032749
0.000498891603951
0.021589676498055
-0.409833997831036
0.404666479690125
0.384388938509860
-0.061010333194410
0.281722612917166
-0.351534977056592
0.119815927260871
-0.239376320605579
-0.054343788560425
0.343999511474936
-0.303795081268748
-0.196148377222348
-0.016705432265714
-0.162187956128976
0.298485829521549
0.487487575189353
-0.340952445277605
-0.263120216773945
0.202236632667890
-0.124528337302453
0.473704902674984
0.472305555688457
0.143698049421405
0.360098876854161
-0.098116601991914
0.131930797977457
0.485236639414830
0.059477405987275
0.433591915842209
0.220343206000748
-0.015961483187658
0.139031092681230
0.387636865889604
-0.301263249901079
-0.104633726044790
0.492175302495305
-0.097648383064052
0.158856481072931
0.401348123034512
0.495381776517886
0.153163281094690
-0.391563572144485
-0.463885969204644
0.118091239046974
0.067144361897996
0.461964657805326
0.246105469418888
0.162516098435082
0.023313318412010
-0.240105718515603
0.461993766916173
0.040204037513520
-0.469729836580231
0.196314463411127
0.019716157920878
-0.440969444335516
0.390036233228213
-0.169797757485979
-0.270298802128880
-0.386051358004811
-0.189077286546394
-0.271567677864263
0.151997167217003
-0.433839875401673
-0.224568620139083
-0.218179762439133
0.380066259726056
-0.055669641300765
0.255914120907961
0.103296375815348
0.283265937404036
-0.386069361321574
0.478563885159978
0.348596675479549
-0.449353502329457
-0.033798166209364
-0.174346725051966
0.130205124999750
-0.269700836222326
0.079884973281289
0.103156320439897
0.099879095832857
-0.051572119616085
-0.464576539317212
0.013814835038277
-0.092269838227363
-0.391953963384441
-0.040124371057686
-0.049117246324170
0.051140335804419
0.305404317007998
0.200850072786061
0.372235503921598
-0.447807847571099
-0.280318688594654
-0.040357989888633
0.458533596129010
0.290045356979438
-0.048125390957499
-0.166571813539134
-0.440904687319919
0.240905302893588
0.006794524055503
-0.300074586860645
-0.072806448898712
-0.331309721287729
0.251694590854687
-0.131649158371200
0.441817795239884
-0.482827459089283
0.329055908778801
0.126590974955276
0.038746515157219
0.150507635380061
0.226629532306514
-0.405511436079422
0.377573934307660
-0.485637856054014
-0.205697373153763
-0.320085121495760
0.426294268197950
-0.431819563172965
0.081093227578491
0.137151222525225
0.151269264764942
0.364622012533553
-0.444047470592979
0.316855173773850
0.028922466328429
0.194350560622442
-0.287595103718166
0.043279946249851
0.202520272153464
0.456434557260469
-0.055457837126529
-0.414602169187355
-0.442659852458743
0.129450486099479
0.296179066498458
0.191191332858143
-0.154692137784834
0.446816667161595
0.020190318211477
0.453813025197927
-0.426404364191800
-0.292968051926926
0.275027813981967
0.414187821243774
0.282550647710300
-0.204465803835124
-0.348154277685515
0.347910522313782
0.284854591093150
-0.229168497848683
-0.272189295183866
-0.178976782911049
0.329561804399167
0.322182194600976
0.070682850481878
0.071829636228848
-0.213981727500620
0.199133559301209
0.296257943281577
-0.058410943848777
-0.053784388308778
-0.034337591634889
-0.220960812725385
0.175375318416595
0.403664526363540
0.408525898848375
0.247196944130713
-0.239488492916454
0.189637840074109
-0.368169334524488
-0.376499167680199
-0.309097146755509
-0.354267900503709
0.085043615268716
-0.426638309919533
0.322326222185306
0.222902973268465
0.425858038017486
-0.007361401538219
0.154882898449669
0.390123477961687
0.038525574469021
-0.217794835441778
0.475957517879964
-0.463574484474520
-0.173755426939688
0.473013623892820
-0.134967374694253
-0.190850381104083
-0.379087615419372
0.415765704040790
-0.364521794318498
-0.167882108171659
0.397479892399884
-0.000351222152727
0.115288242215057
0.083132968088648
0.198253926627414
-0.470667657245638
0.027882687738647
-0.467927153580015
0.327142322836315
-0.160013793517831
0.346710958880530
-0.253930432893902
0.081491252368133
0.437676879074775
-0.452212707614934
-0.446022340829761
-0.479381965880009
0.181478514196212
0.098628526633235
-0.385969965484344
0.296245350725845
0.117850587139279
-0.429786476013042
-0.430721027431999
-0.363992611379910
0.288891319657009
-0.407601542076170
-0.262131207992694
-0.256352087383215
-0.395177787341105
0.358352760228758
0.198199766179566
0.233742133263281
0.150530624454913
0.016270565774129
-0.173611864911118
0.161776196778501
-0.382434515378244
-0.352182585818394
-0.480235336271183
0.464291730299559
0.470372902013312
-0.376139492853180
-0.032589973225540
0.156694003304474
-0.209814433367133
0.254536639716295
0.058118051358972
-0.072207404451544
-0.232805942725800
0.253736074133061
0.398376325005631
0.228444033957786
-0.093169865345512
0.438315840253697
-0.244572545062198
0.033163240608823
0.454754870376370
-0.232252463559904
-0.249915379410411
0.427672720239348
-0.431417651444544
-0.200599613439135
0.091583534156367
-0.296700854643664
0.135883198886887
0.298370257830259
0.001701052364218
0.150812135949142
0.295954985556127
-0.266626231928433
0.100838938434792
-0.387537621616714
0.015765653195914
0.337840690870234
0.420790107998705
-0.001772070544644
-0.222388877735612
0.152519960748294
0.417298803800668
0.009839453514735
0.474191483802598
-0.302721057902686
-0.388815016211066
-0.202645706631378
-0.103581464438273
-0.079244316651508
-0.188524642349547
0.193843170932226
-0.408128166728501
-0.097911380962954
-0.204819195970038
-0.193503220973621
-0.394438869264725
0.093827604564268
